0.00246269
0.000447761
0.000597015
0.000149254
0
0.000671642
0.000298507
0.00149254
7.46269e-05
0.00179104
0.000522388
0.000970149
0.00216418
0.00216418
0.000597015
0.00313433
0.00156716
0.00343284
7.46269e-05
0.00104478
0.00216418
0.000671642
0.00268657
0.000149254
0.000373134
0.00186567
0.000373134
0.000522388
0.000373134
0.000597015
0.00119403
0.000522388
0.00104478
0.0011194
0.00358209
0.000820896
0.0019403
0.000746269
0.000522388
0.00134328
0.00149254
0.00201493
0.00298507
0.00276119
0.00268657
0.0030597
0.00171642
0.00343284
0.000373134
0.00358209
0.00186567
0.0019403
0.00298507
0.0019403
0.000671642
0.00208955
0.00179104
0.000522388
0.00268657
0.00343284
0.00283582
0.00126866
0.00179104
0.00246269
0
0.00261194
0
0.000522388
0.000298507
0.00149254
0.00238806
0.00156716
0.00208955
0.00231343
0.00313433
0.00208955
0.000223881
0.00186567
0.00350746
0.00350746
0.00328358
0.00104478
0.00298507
0.000373134
0.00313433
0.00119403
0.000820896
0.00201493
0.00291045
0.000447761
0.000671642
0.000820896
0.00291045
0.00313433
0.00223881
7.46269e-05
0.000223881
0.00164179
0.00328358
0.00186567
0.00313433
0.00134328
0.00350746
0.00268657
0.00298507
0.00156716
0.00238806
0.00208955
0.000820896
0.00186567
0.00261194
0.000223881
0.00350746
0.00268657
0.00134328
0
0.0011194
0.00149254
0.000820896
0.00126866
0.00246269
0.00104478
0.00216418
0.00119403
0.000447761
0.00343284
0.00358209
0.00156716
0.00238806
7.46269e-05
0.000447761
0.000895522
0.00171642
0.00350746
0.00156716
0.00171642
0.00134328
0.00358209
0.00208955
0.00335821
0.000298507
0.00231343
0.00298507
0.000298507
0.000820896
0.00246269
0.00223881
0.00335821
0.00276119
0.000746269
0.000298507
0.00261194
0.00335821
0.000447761
0.0030597
0.0011194
0.000597015
0.00149254
0.00231343
0.00231343
0.00343284
0.00268657
0.00104478
0.00343284
0.000149254
0.00134328
0.00149254
0.000447761
0.00238806
0.00223881
0.00253731
0.00104478
0.00141791
0.00231343
0.000373134
0.00246269
0.00238806
0.000373134
0.00358209
0.000149254
0.00291045
0.00134328
0.0019403
0.00253731
0.00350746
0.000746269
0.00223881
0.000149254
0.00350746
0.000522388
0.00335821
0.00283582
0.00365672
0.00156716
0.00216418
0.00313433
0.00216418
0.00283582
0.00201493
0.000597015
0.0011194
0.00328358
0.000970149
0.0011194
0.00201493
0.00223881
0.00350746
0.000223881
0.00246269
0.00208955
0.00365672
0.00223881
0.000298507
0.00171642
0.000149254
0.00283582
0.00186567
7.46269e-05
0.00328358
0.000970149
0.00320896
0.000522388
0.00156716
0.000298507
0.00313433
0.00201493
0.00238806
0.00164179
0.000298507
0.00179104
0.000373134
0.00298507
0.00246269
0.00104478
0.00335821
0.0011194
0.00216418
0.00283582
7.46269e-05
0.00268657
0.00261194
0.00223881
0.000522388
0.00253731
0.000447761
0.00268657
0.000447761
0.00328358
0.00246269
0.00179104
0.00134328
0.000671642
0.000820896
0.00186567
0.00276119
0.00134328
0.00268657
0.00171642
0.00328358
0.0019403
0.000522388
0.00134328
0.000522388
0.00231343
0.00238806
0.00201493
0.00223881
0.000298507
0.000746269
0.00201493
0.000671642
0.000597015
0.00276119
0.00238806
0.000447761
0.00134328
0.00119403
0.00156716
0.00276119
0.00141791
0.00216418
7.46269e-05
0.00261194
0.00208955
0.00231343
0.00231343
0.0019403
0
0.00350746
0.000671642
0.00328358
0.0019403
0.000671642
0.00231343
0.00119403
0.00365672
0.00201493
0.00149254
0.00201493
0.00238806
0.00141791
0.00313433
0.000373134
0.000223881
0.00179104
0.000820896
0.00246269
0.00268657
0.00156716
0.0019403
0.000373134
0.00231343
0.000895522
0.00246269
0.00216418
0.000671642
0.0019403
0.00186567
0.00164179
0.00328358
0.00365672
0.0011194
0.0011194
0.00276119
0.0030597
0.00261194
0.00313433
0.00231343
0.00119403
0.0030597
0.00119403
0.000522388
0.000895522
0.000597015
0.00358209
0.000447761
0.00358209
0.00283582
0.00276119
0.00358209
0.00298507
0.00298507
0.000671642
0.00126866
0.0011194
0.00164179
0.00179104
0.00253731
0.00276119
0.000820896
0.00216418
0.000970149
0.00358209
0.00350746
0.0030597
0.000149254
0.000223881
0.00171642
0.00313433
0.000820896
0.00141791
0.00126866
0.00343284
0.00313433
0.00141791
0.00149254
0.00335821
0.00156716
0.00291045
0.00156716
0.00149254
0.00119403
0.000223881
0.00134328
0.000447761
0.00298507
0.000149254
0.00156716
0.000746269
0.00313433
0.000223881
0.000746269
0.000373134
0.0030597
0.000447761
0.00365672
0.000820896
0.0030597
0.00149254
0.00343284
0.00179104
0
0
0.00156716
0.000895522
0.00186567
0.00320896
0.00104478
0.000597015
0.0030597
0.00156716
0.00231343
0.00208955
0.00328358
0.00231343
0.00358209
0
0.00171642
0.00320896
0.00179104
0.00156716
0.00208955
0.000447761
0.00223881
0.000597015
0.00156716
0.00268657
0.00246269
7.46269e-05
0.00291045
0.00238806
0.00283582
0.000149254
0.0019403
0.0011194
0
0.00216418
0.00261194
0.00328358
0.0030597
0.000373134
0.00253731
0.00276119
0.0030597
0.000671642
0.0011194
0.00328358
0.00149254
0.000373134
0.00126866
0.00201493
0.000820896
0.00238806
0.00156716
0.00164179
0.00291045
0.000746269
0.00216418
0.00261194
0.00268657
0.00201493
0.00276119
0.00104478
0.00126866
0.00104478
0.00261194
0.00365672
0.00201493
0
0.00171642
0.00298507
0.00261194
0.00216418
0.000149254
0.00208955
0
0.00119403
0.00298507
0.00358209
0.000223881
0.000447761
0.00246269
0.0011194
0.00365672
0.00231343
0.00134328
0.0030597
0.00238806
0.0030597
0.00298507
0.00156716
0.00164179
0.00268657
0.00350746
0.0019403
0.00164179
0.00276119
0.000671642
0.00238806
0.000895522
0.00156716
0.00149254
0.00343284
0.00350746
0.000671642
0.00253731
0.00104478
0.00149254
0.000746269
0.00291045
0.000895522
0.00156716
0.00261194
0.00335821
0.00104478
0.00253731
0.000895522
0.00223881
0.00238806
0.00261194
0.00186567
0.00253731
0.00365672
0.00350746
7.46269e-05
0.000895522
0.00186567
0.00358209
0.00313433
0.0019403
0.00186567
0.00141791
0.00291045
0.000597015
0.00208955
0.00261194
0.00328358
0.00291045
0.00119403
0.000820896
0.00208955
0.00246269
0.00141791
0.000223881
0.00149254
7.46269e-05
0.00238806
0.00365672
0.0011194
0.00261194
0.000298507
0.00246269
0.00231343
0.00291045
0.000149254
0.000447761
0.00119403
0.0019403
0.00298507
0.0030597
0.00223881
0.0011194
0.000223881
0.00231343
0.000522388
0.000447761
0.00268657
0.00313433
0.000597015
0.00268657
0.00119403
0.00126866
0.00253731
0.000597015
0.00335821
0.00335821
0.00343284
0.00365672
0.00343284
0.00208955
0.00141791
0.000447761
0.00208955
0.00268657
0.000746269
0.00276119
0.000522388
7.46269e-05
0.00164179
0.00223881
0.000373134
0.00134328
0.000671642
0.00335821
0.00134328
0.00298507
0.00134328
0.000223881
0.00313433
0.00320896
0.000373134
0.00223881
0.00238806
0.00126866
0.000820896
0.00335821
0.00298507
0.000895522
0.00223881
0.00358209
0.00134328
0.000895522
0.00335821
0.0011194
0.00350746
0.00350746
0.00246269
0.000671642
0.00134328
0.00171642
0.00104478
0.0011194
0.000298507
0.00119403
0.00126866
0.00246269
0.00156716
0.00365672
0.00141791
0.0011194
0.00320896
0.00291045
0.00238806
0.00171642
0.00276119
0.00208955
0.0030597
0.0030597
0.000671642
0.00171642
0.00179104
0.00365672
0.00216418
0.00261194
0.000447761
0.00149254
0.0019403
0.000223881
0.00141791
0.00328358
0.000223881
0.00253731
0.000746269
0.00268657
0.00201493
0.00156716
0.00134328
0.00223881
0.000298507
0.00238806
0.00350746
0.00171642
0.00231343
0.000746269
0.00350746
0.00365672
0.000895522
0.00141791
0.000746269
0.00261194
0.00104478
0.00156716
0.00253731
0.00104478
0.00104478
0.000746269
0.000746269
0.000970149
0.00335821
0.00291045
0.00328358
0.00223881
0.00343284
0.00283582
0.00358209
0.00179104
0.00164179
0.00238806
0.00179104
0.00216418
0.00208955
0.00134328
0.000298507
0.00343284
0.00149254
0.00343284
0.000223881
0.00201493
0.00216418
0.00231343
0.00186567
0.0019403
0.00171642
0.000671642
0.00283582
0.00171642
0.00268657
0.00201493
0.000298507
0.00179104
0.00268657
0.000671642
0.0019403
0.000746269
0.00276119
0.00216418
0.000298507
0.00141791
0.000298507
0
0.00268657
0.00119403
0.00156716
0.00223881
7.46269e-05
0.000597015
0.000597015
0.00149254
0
0.00186567
0.0011194
0.000671642
0.00156716
0.000373134
0.00119403
0.000820896
0.0030597
0.00201493
0.00223881
0.00119403
0.00208955
0.00261194
0.00179104
0.00343284
0.00320896
0.000746269
0.000895522
0.00268657
0.00253731
0.0019403
0.00134328
0.000298507
0.00328358
0.00335821
0.000597015
0.000970149
0.00261194
0.000373134
0.00261194
0.00179104
0.00298507
0.00126866
0.000597015
0.000298507
0.00208955
0.00365672
0
0.00201493
0
0.000970149
0.00358209
0.00276119
0.000820896
0.000970149
0.00201493
7.46269e-05
0.00238806
0.00238806
0.00328358
0.000895522
0.00171642
0.00171642
0.00283582
0.00238806
0.00126866
0.00261194
0.0019403
0.000223881
0.0011194
0.00283582
0.000820896
0.00261194
0.00216418
0.00350746
-6.31249
-5.82888
-4.12106
-4.67465
-9.23853
-2.57425
-6.91608
-3.25933
-1.79976
-3.52463
-4.53497
-3.35933
-6.43735
-4.41964
-3.44748
-5.27581
-5.30367
-2.5406
-3.5979
-4.37095
-2.40961
-3.34914
-3.58921
-3.75501
-2.38693
-5.72186
0.0104
0.0188
0.0192
0.0116
0.0136
0.0068
0.0192
0.0008
0.0132
0.0112
0.0068
0.006
0.0028
0.0136
0.008
0.018
0.0092
0.0088
0.004
0.0112
0.0076
0.0044
0.0016
0.0044
0.0064
0.012
0.0148
0.0072
0.0152
0.0168
0.002
0.0012
0.0156
0.0116
0.0128
0.0196
0.0148
0.0044
0.0024
0.008
0.0136
0.0088
0.0048
0.0132
0.0144
0.006
0.0144
0.0192
0.016
0.0116
0.0156
0.0168
0.0168
0.0028
0.0024
0.0176
0.0004
0.0096
0.016
0.0092
0.0044
0.0036
0.0176
0.0156
0.0148
0.0196
0.0192
0.014
0.0076
0.0124
0.0044
0.0172
0.0056
0.0016
0.01
0.0108
0.0052
0.0064
0.016
0.012
0.018
0.0012
0.0148
0.016
0.0108
0.0096
0.006
0.0104
0.0056
0.008
0.0056
0.0172
0.0016
0.0124
0.0096
0.0156
0.0012
0.0028
0.0072
0.0088
0.012
0.0064
0.002
0.0044
