0.00246269
0.00268657
0.00298507
0.00223881
0.0030597
0.00119403
0.00365672
0.00156716
0.00179104
0.00156716
0.00313433
0.00276119
0.00328358
0.00246269
0.00261194
0.00238806
0
0.00291045
0.00134328
0.0011194
0.0019403
0.00126866
0.000820896
0.00358209
0.00320896
0.000447761
0.000895522
0.00104478
0.0019403
0.00201493
0.000820896
0.00365672
0.00231343
0.0019403
0.000373134
0.00149254
0.0011194
0.000820896
0.00149254
0.000223881
0.0030597
0.000970149
0.00149254
7.46269e-05
0.000522388
0.000970149
0.00134328
0.00261194
0.00320896
0.000447761
0.00283582
0.00253731
0.00276119
0.00126866
0.00246269
0.0019403
0.00261194
0.00149254
0.000373134
0.000447761
0.000447761
0.00365672
0.000447761
0.00149254
0.00298507
0.00261194
0.00134328
0.00328358
0.00141791
0.00171642
0.00134328
0.00283582
0.00171642
0.00335821
0.00208955
0.00298507
0.000671642
0.00156716
0.0030597
0.000671642
0.00335821
0.00268657
0.00223881
0.000149254
0.00238806
0.00231343
0.00365672
0.00320896
0.000895522
0.00119403
0.00276119
0.00335821
0.0030597
0.00350746
0.00164179
0.000522388
0.000597015
0.000447761
0.00141791
0.00186567
0.00201493
0.00126866
0.000671642
0.00320896
0.00253731
0.00298507
0.00171642
0.000746269
0.00268657
0.00320896
0.000522388
0.00104478
7.46269e-05
0.00104478
0.000820896
0.00179104
0.00186567
0.000447761
0.000447761
0.00201493
0.00104478
0.00238806
0.0019403
0.00298507
0.00335821
0.00268657
0.00335821
0.00298507
0.00179104
0.00253731
0.00149254
0.00171642
0.000746269
0.00365672
0
0.00104478
0.00358209
0.000447761
0.00164179
0.000149254
0.000223881
0.00216418
0.00343284
0.000447761
0.00164179
0.00149254
0.00201493
0.000895522
0.00253731
0.00261194
0.00119403
7.46269e-05
0.000895522
0.00313433
0.00164179
7.46269e-05
0.000447761
0.00335821
0.000820896
0.00298507
0.00268657
0.00313433
0.00268657
0.00328358
0.00283582
0.000223881
0.00223881
0.00231343
0.00253731
0.000597015
0.00291045
0.00231343
0.00231343
0.00261194
0.00208955
0.000671642
0.00164179
0.0011194
0.00119403
0.00164179
0.00320896
0.00231343
0.000671642
0.0011194
0.00119403
0.000223881
0.00276119
0.00104478
0.000373134
0.00343284
0.00320896
0.00253731
0.00298507
0.0011194
0.000149254
0.00328358
0.000298507
0.000895522
0.00171642
0.00156716
0.00231343
7.46269e-05
0.0011194
0.00134328
0.000597015
0.000746269
0.00164179
0.00126866
0.00201493
0.00208955
0.000149254
0.00119403
0.00238806
0.00231343
0.00186567
0.00358209
0.00313433
0.00343284
0.000298507
0.0011194
0.00119403
0.00126866
0.000223881
0.0011194
0.00104478
0.000895522
0.00164179
0
0.00238806
0.000223881
0.00141791
0.00261194
0.00134328
0.000149254
0.00208955
0.00164179
0.00365672
0.000223881
0.000223881
0.00328358
0.00119403
0.00223881
0.0030597
0.00253731
0.00246269
0.00126866
0.00156716
0.000298507
0.00216418
0.0019403
0.00238806
0.000522388
0.000597015
0.00119403
0.00261194
0.00246269
0.00208955
0.00149254
0.0019403
0.00238806
0.00335821
0.00216418
7.46269e-05
0.00335821
0.000223881
0.00328358
0.00365672
0.000820896
0.00186567
0.00141791
0.00313433
0.0011194
0.00328358
0.00149254
0.000746269
0.00179104
0.0019403
0.00358209
0.000970149
0.00283582
0.00104478
0.00164179
0.000447761
0.0030597
0.00246269
0.000895522
0.000447761
0.00246269
0.00283582
0.000373134
0.00216418
0.000820896
0.00171642
0.000298507
0.00313433
0.000597015
7.46269e-05
0.000970149
0.000820896
0.00149254
0.0011194
0.00298507
0.00201493
0.00186567
0.00134328
0.00328358
0.00358209
0.000970149
0.00253731
0.00283582
0.00164179
0.00216418
0.00238806
0.00208955
0.00231343
0.00350746
0.000522388
0.00313433
0.00231343
0.00246269
0.00179104
0.0030597
0.00343284
0.0030597
0.00261194
0.00261194
0.00141791
0.00268657
0.000895522
0.00223881
0.00298507
7.46269e-05
0.00313433
0.00283582
0.00208955
0.000149254
0.00208955
0.00298507
0.000820896
0.00238806
0.000671642
0
0.000746269
0.00208955
0.000373134
0.000149254
0.00141791
0.00328358
0.000597015
0.00313433
0.000373134
0.00223881
0.00216418
0
0.00201493
0.00335821
0.00253731
0.00283582
0.00141791
0.00179104
0.000671642
0.000746269
0.0011194
0.000746269
0.00104478
0.00201493
0.00343284
0.00126866
0.00119403
0.00104478
0.00238806
0.0019403
0.00104478
0.00246269
0.00335821
0.00156716
0.00291045
0.00104478
0.000970149
0.00231343
0.00164179
0.00358209
0.000373134
0.00246269
0.00298507
0.00171642
0.00238806
0.000298507
0.00231343
0.00335821
0.00365672
0.00246269
0.00365672
0.00171642
7.46269e-05
0.000298507
0.00276119
0.00358209
0.00328358
0.00171642
0.0030597
0.00328358
0.00335821
0.00365672
0.000447761
0.00343284
0.00216418
0.000671642
0.0011194
0.00253731
0.000895522
0.00343284
0.00201493
0.00201493
0.00291045
0.00276119
0.000522388
0
0.000447761
0.00343284
0.00283582
0.00238806
0.00238806
0.00179104
0.00298507
0.00298507
0.00320896
0.00134328
0.00171642
0.00179104
0.00246269
0.00358209
0.00268657
0.000298507
0.000746269
0.00283582
7.46269e-05
0.00320896
0.00291045
0.00134328
0.00328358
0.00156716
0.00119403
0.00126866
0.00134328
0.00313433
0.000671642
0.00134328
0.00104478
0.00335821
0.00231343
0.00335821
0.00343284
0.000671642
0.00350746
0.00156716
0.00335821
0.00238806
0.00313433
0.00179104
0.000373134
0.00201493
7.46269e-05
0.00201493
7.46269e-05
0.000447761
0.00231343
0.000522388
0.00104478
0.00320896
7.46269e-05
0.000895522
0.0030597
0.00134328
0.00320896
0.00335821
0.00320896
0.00350746
0.000970149
0.000820896
0.00276119
0.00141791
0.00126866
0.00238806
0.00283582
0.000820896
0.0030597
0.00141791
0.00283582
0.000223881
0.0019403
0.000373134
0.0030597
0.00365672
0.00134328
0.00186567
0.00320896
0.00298507
0.00216418
0.000895522
0.000447761
0.00335821
0.00276119
0.00208955
0.00246269
0.00104478
0.00261194
0.00223881
0.00343284
0.00141791
0.00134328
0.00208955
0.00291045
0.00335821
0.000597015
7.46269e-05
0.00156716
0.000223881
0.00328358
0.00268657
0.00283582
0.000746269
0.00313433
0.00365672
0.00186567
0.000671642
0.00223881
0.00283582
0.000671642
0.000671642
0.000447761
0.00253731
0.00328358
7.46269e-05
0.00261194
0.000223881
0.00350746
0.00261194
0.00119403
0.00208955
0.000373134
0.00156716
0.00268657
0.00231343
0.00298507
0.00268657
0.0011194
0.00156716
0.000223881
0.00261194
0
0.000671642
0.00343284
0.00216418
0.00253731
0.00186567
0.00223881
0.00350746
0.00343284
0.00276119
0.00141791
0.00313433
0.00283582
0.00358209
0.000522388
0.000223881
0.00276119
0.00119403
0.0019403
0.00365672
0.0019403
0.000149254
0.000746269
0.000820896
0.00179104
0.0030597
0.00328358
0.00171642
0.000746269
0.00223881
0.00231343
0.00246269
0.00253731
0.00350746
0.000895522
0.00119403
0.00201493
0.00253731
0.00350746
0.000149254
0.000746269
0.00253731
0.00268657
0.000149254
0.00291045
0.00268657
0.000820896
0.0019403
0.000373134
0.00246269
0.00238806
0.000970149
0
0.000447761
0.00313433
0.000522388
0.00358209
0.00223881
0.00149254
7.46269e-05
0.0030597
7.46269e-05
0.000671642
0.00238806
0.000522388
0.00246269
0.00126866
0.00208955
0.00179104
0.0030597
0.00119403
0.000671642
0.00365672
0.00201493
0.00313433
0.00246269
0.00179104
0.00119403
0.00179104
0.000895522
0.00320896
0.000298507
0.0030597
0.00328358
0.00283582
0.00119403
0.00335821
7.46269e-05
0.000522388
0.00179104
0.0030597
0.00365672
0.0019403
0.00164179
0.00276119
0.000597015
0.00291045
0.00149254
0.000223881
0.000746269
0.0030597
0.0030597
0.00268657
0.000149254
7.46269e-05
0.00201493
0.00283582
0.00179104
0.00328358
0.00320896
0.00335821
0.00179104
0.00246269
0.00104478
0.00253731
0.00291045
0.000149254
0.000746269
0.00216418
7.46269e-05
0.0030597
0.000895522
0.00335821
0.00350746
0.00208955
0.00343284
0.00179104
0.000373134
0.000671642
0.00208955
0.00283582
0.00253731
0.00268657
0.000970149
0.00365672
0.000746269
7.46269e-05
0.00276119
0.0011194
0.00246269
0.00104478
0.00365672
0.00164179
0.00186567
0.00261194
0.00298507
0.00343284
0.00253731
0.00179104
0.00253731
0.000373134
7.46269e-05
0.00171642
0.00201493
0.0011194
0.00201493
0.00119403
0.00179104
0.000447761
0.000522388
0.00365672
0.000820896
7.46269e-05
0.00253731
0.000671642
0.00298507
0.00179104
0.00238806
0.00365672
0.00253731
0.000522388
0.00156716
0.00343284
0.000820896
0.00343284
0.00246269
0.00261194
0.00320896
0.00350746
0.00104478
0.000447761
0.00216418
0.0019403
0.00134328
0.00141791
0.00343284
0.00141791
0.00283582
0.00343284
0.00335821
0.00164179
0.000149254
0.00350746
0.000970149
0.00343284
0.00149254
0.00164179
0.000970149
0.000298507
0.00268657
0.000820896
0.000149254
0.000895522
0.00216418
0.00253731
0.00328358
0.00171642
0.00276119
0.0030597
0.00276119
0.00134328
0.00216418
0.00179104
0.00261194
0.00171642
0.000447761
0.00134328
0.00283582
0.00164179
0.00149254
0.00298507
0.00201493
0.000447761
0.00119403
0.00126866
0.00223881
0.00276119
0.00134328
0.00283582
0.00253731
0.00149254
0
0.000223881
0.000223881
-2.78169
0.847736
-2.55296
-2.02689
-0.802717
-0.229101
-1.1458
-0.643028
-0.753515
-0.348459
0.00195652
0.00478261
0.0104348
0.00413043
0.00826087
0.00891304
0.00826087
0.00891304
0.00826087
0.00956522
0.00869565
0.00630435
0.00217391
0.005
0.01
0.00608696
0.00934783
0.00456522
0.00565217
0.0023913
0.00108696
0.00608696
0.00130435
0.00434783
0.00586957
0.00630435
0.000869565
0.00456522
0.005
0.00173913
0.0026087
0.0102174
0.000434783
0.00521739
0.00195652
0.00152174
0.0106522
0.00347826
0.00586957
0.0026087
0.00108696
0.00782609
0.00543478
0.00978261
0.00652174
0.00282609
0.00978261
0.00586957
0.00282609
0.00173913
0.000434783
0.00956522
0.000652174
0.00478261
0.00173913
0.0104348
0.00543478
0.000217391
0.00304348
0.00673913
0.00934783
0.00543478
0.00782609
0.00456522
0.00934783
0.00195652
0.00347826
0.0106522
0.000869565
0.00369565
0.00978261
0.000869565
0.00130435
0.00521739
0.00543478
0.000869565
0.01
0.000652174
0.00695652
0.00369565
0.00956522
0.01
0.000652174
0.00782609
0.01
0.00326087
0.00717391
0.00217391
0.005
0.000652174
0.00152174
0.0104348
0.00347826
0.00847826
0.0102174
0.0076087
0.000434783
0.00152174
0.0023913
0
0.00913043
0.0076087
0.00826087
0.005
0.00586957
0.00934783
0.0026087
0.01
0.00913043
0.0023913
0.000652174
0.00521739
0.00891304
0.00413043
0.00652174
0.00543478
0.00869565
0.00913043
0.00717391
0.00456522
0.00195652
0.00782609
0.00130435
0.00347826
0.00847826
0.0023913
0.0026087
0.00347826
0.00391304
0.00913043
0.0026087
0.00108696
0.00565217
0.00456522
0.0106522
0.00565217
0.00804348
0.0076087
0.00413043
0.00847826
0.00369565
0.00586957
0.00434783
0.00608696
0.00956522
0.01
0.00804348
0.00782609
0.00173913
0.00347826
0.00326087
0.00934783
0.0073913
0.0023913
0.0073913
0.0076087
0.00304348
0
0.00673913
0.0102174
0.00130435
0.00782609
0.00434783
0.00434783
0.00543478
0.00782609
0.00826087
0.0026087
0.00413043
0.00608696
0.00804348
0.00456522
0.00804348
0.00391304
0.00673913
0.00130435
0.00456522
0.00630435
0.000869565
0.00891304
0.00282609
0.00565217
0.0026087
0.00217391
0.00717391
0.00717391
0.000652174
0.00695652
0.00652174
0.00956522
0.00456522
0.00369565
0.00673913
0.00934783
0.000869565
0.00413043
0.00456522
0.00565217
0.00913043
0.00304348
0.00195652
0.00913043
0.00152174
0.00543478
0.01
0.00108696
0.00847826
0.00304348
0.00543478
0.00565217
0.00695652
0.005
0.000434783
0.00326087
0.00456522
0.00673913
0
0.00608696
0.00652174
0.00586957
0.00978261
0.00717391
0.00804348
0.00434783
0.005
0.000434783
0.00369565
0.0104348
0.005
0.000869565
0.0102174
0.00913043
0.00826087
0.00521739
0
0.00891304
0.0023913
0.000217391
0.00934783
0.00869565
0.000652174
0.00630435
0.00108696
0.0023913
0.0073913
0.00282609
