0.00246269
0.00141791
0.000970149
0.00253731
0.000447761
0.00179104
0.000970149
0.00358209
0.000149254
0.00335821
0.00149254
0.00171642
0.000223881
0.00104478
0.00261194
0.00343284
0.00104478
0.00171642
0.00238806
0.000895522
0.000373134
0.00186567
0.00343284
0.00238806
0.000522388
0.00350746
0.00253731
0.00313433
0.000746269
0.00208955
0.000298507
0.00104478
0.00104478
0.000671642
0.00171642
0.000597015
0.00276119
0.000895522
0.000820896
0.00231343
0.00365672
0.00335821
0.00276119
0.00253731
0.00358209
0.000970149
0.00208955
0.000522388
0.000970149
0.00261194
0.000522388
0.00208955
0.000522388
0
0.00201493
0.00208955
0.00313433
0.00208955
0.000820896
0.000746269
0.000820896
0.000746269
0
0.00283582
0.00365672
0.000447761
7.46269e-05
0.00350746
0.00223881
0.00313433
0.000746269
0.00313433
0.00216418
0.000597015
0.00328358
0.000522388
0.00223881
0.000671642
0.000671642
0.00283582
0
0.000522388
0.00328358
0.00253731
0.00171642
0.000522388
0.000522388
0.00208955
0.0019403
0.00164179
0.000149254
0.00164179
0.00134328
0.0011194
0.00149254
0.00320896
0.00126866
7.46269e-05
0.000597015
0.000373134
0.00141791
0.00261194
0.00216418
0.00320896
0.00283582
0.0011194
0.00298507
0.00179104
0.00238806
0.00231343
0.00186567
0.00223881
0.00358209
0.00156716
7.46269e-05
0.000223881
0.00156716
0.00186567
0.00283582
0.00320896
0.00298507
0.00149254
0.00253731
0.00231343
0.000298507
0.00246269
0.00246269
0.00365672
0.00246269
0.00126866
0.00328358
0.00358209
0.00201493
0.00156716
0.00126866
0.000671642
0.0019403
0.00134328
0.00208955
0.00156716
0.000373134
0.00186567
0.0011194
0.00343284
0.0011194
0.00156716
0.000298507
0.00261194
0.0019403
0.000373134
0.00320896
0.00149254
0.0011194
0.00343284
0.000671642
0.00335821
0.00268657
0.00343284
0.00164179
0.00186567
0.00350746
0.0030597
0.00179104
0.00134328
0.00104478
0.00320896
0.00141791
0.0019403
0.000223881
0.00261194
0.00141791
0.00186567
0.00134328
0.00291045
0.00268657
0.00350746
0.000746269
0.00134328
0.00253731
0
0.000820896
0.000223881
0.00328358
0.00216418
0.000746269
0.000223881
0.00171642
0.00343284
0.000746269
0.00201493
0.00365672
0.00320896
0.000671642
0.00126866
0.00238806
0.00231343
0.00261194
0.00164179
0.000447761
0.00365672
0.00291045
0.00328358
0.00104478
0.00126866
0.00134328
0.00216418
0.00268657
0.00201493
0.00104478
0.00164179
0.00320896
0.00291045
0.00343284
0.00201493
0.00119403
0.00149254
0.00350746
0.0011194
0.00335821
0.00104478
0.00201493
0.00104478
0.00238806
0.000820896
0.000597015
0.00276119
0.00358209
0.00253731
0.00335821
0
0.00179104
0.00186567
0.00179104
0.00223881
0.00104478
0.00208955
0.0030597
0.000820896
0.000820896
0.00186567
0
0.00141791
0.00179104
0.00126866
0.00268657
0.00253731
0.000149254
0.0030597
0.00208955
0.00343284
0.00343284
0.00149254
0.00104478
0.00231343
0.00253731
0.00253731
0.00164179
0.000373134
0.00231343
0.00320896
0.00283582
0.00223881
0.000298507
0.000447761
0.000149254
0.00208955
0.00149254
0.000373134
0.000895522
0.000820896
0.00171642
0.00350746
0.00320896
0.00268657
0.00298507
0.00186567
0.000522388
0.00343284
0.00343284
0.0011194
0.000597015
0.00320896
0.000820896
0.000746269
0.00313433
0.00261194
0.00208955
0.00223881
0.0019403
0.00141791
0.00268657
7.46269e-05
0.00119403
0.00238806
0.00156716
0.00171642
0.00253731
0
0.00350746
0.000223881
0.00231343
0.000223881
0.000373134
0.00298507
0.00208955
0.00238806
0.00149254
0.00246269
0.00283582
0.00164179
0.00365672
0.0011194
0.00164179
0.00238806
0.00201493
0.000447761
0.00350746
0.00276119
0.00335821
0.00186567
0.00104478
0.000522388
0.000522388
0.00201493
0.000522388
0.000149254
0.00104478
0.00268657
0.0011194
0.00156716
0.000671642
0.0030597
0.00268657
0.0019403
0.00119403
0.000298507
7.46269e-05
0.00365672
0.00328358
0.00104478
0.00141791
0.0011194
0.00358209
0.00104478
0.00216418
0.000522388
0.00201493
0.00171642
0.00291045
0.00343284
0.00328358
0.000298507
0.00283582
0.00365672
0.000895522
0.000223881
0.00201493
0.00208955
0.0011194
0.00313433
0.00291045
0.00186567
0.00365672
0.00343284
0.000746269
0.00253731
0.00276119
0.000671642
0.0011194
0.00298507
0.000373134
0.000895522
0.00179104
0.00313433
0.00186567
0.00171642
7.46269e-05
0.000298507
0.000746269
0.00149254
0.000522388
0.00283582
0.00246269
0.000895522
0.00119403
0.00179104
0.000597015
0.00179104
0.000597015
0.00261194
7.46269e-05
0.0011194
0.00298507
0.00350746
0.000671642
0.000671642
0.00335821
0.00238806
0.00126866
0.00119403
0.00320896
0.000671642
0.000597015
0.0011194
0.000597015
0
0.0030597
0.00358209
0.00164179
0.000298507
0
0.00283582
0.000447761
0.0011194
0.00104478
0.00253731
0.00328358
0.00149254
0.0019403
0.00365672
0.000746269
0.000895522
0.0011194
0.00119403
0.000298507
0.00179104
0.00298507
0.00261194
0.00365672
0.00104478
0.000895522
0.00268657
0.00238806
0.00238806
0.0011194
0.00246269
0.00126866
0.00179104
0.00171642
0.000373134
0
0.0030597
7.46269e-05
0.0011194
0.0030597
0.00350746
0.00276119
0.00246269
0.00253731
0.00179104
0.000149254
0.00231343
0.000298507
0.00313433
0.00328358
0.00134328
0.00335821
7.46269e-05
0.0019403
0.00276119
0.00343284
0.00268657
0.000746269
0.00343284
0.00365672
0.00320896
0.00335821
0.00343284
0.00216418
0.00141791
0.00186567
0.00201493
0.00201493
0.000149254
0.000895522
0.00365672
0.00328358
0.00186567
0.00291045
0.00208955
0.00365672
0.000970149
0.000373134
0.000970149
0.00141791
0.00231343
0.00134328
0.00216418
0.00328358
0.00216418
0.00201493
0.00313433
0.00223881
0.00320896
0.00253731
0.00238806
0.000820896
0.00231343
0.00141791
0.00298507
0.000746269
0.00201493
0.000522388
0.000522388
0.0030597
0.00320896
0
0.00291045
0.000895522
0.000820896
0.00134328
0.000597015
0.00208955
0.00104478
0.00141791
0.000746269
0.00149254
0.00208955
0.00119403
0.00238806
0.00268657
0.00134328
0.00208955
0.000223881
0.00134328
0.00350746
0.00350746
0.00350746
0.00134328
0.0030597
0.000298507
0.00119403
0.00238806
0.000447761
0.00343284
0.00350746
0.00223881
0.000820896
0.000970149
0.00171642
7.46269e-05
0.0011194
0.0019403
0.00156716
0.000671642
0.000373134
0.00156716
0.00156716
0.00171642
0.00141791
0.00201493
0.00358209
0.000671642
0.00208955
0.00141791
0.00276119
0.00164179
0.00343284
0.00186567
0.00253731
0.00208955
0.000447761
0.000373134
0.000447761
0.000597015
0.00134328
0.000746269
0.00298507
0.000298507
0.00320896
0.00335821
0.00261194
0.000373134
0.00186567
0.00328358
0.00238806
0.00186567
0.00141791
0.0019403
0.000447761
7.46269e-05
0.00313433
0.00126866
0.00365672
0.00268657
0.000746269
0.000970149
0.00283582
0.00268657
0.00291045
0.000373134
0.000149254
0.000447761
0.00156716
0.00238806
0.00358209
0.00119403
0.00358209
0.00335821
0.00328358
0.00119403
0.000895522
0.00291045
0.000671642
0.00179104
0.00179104
0.000746269
0.00313433
0.000373134
0.00223881
0.00283582
0.00291045
0.00179104
0.0019403
0.00328358
0.00149254
0.00201493
0.00313433
0.00156716
0.00320896
0.00238806
0.00179104
0.00313433
0.000223881
0.00320896
0.000820896
0.00365672
0.00365672
0.00328358
0.00283582
0.00149254
0.00134328
0.000671642
0.00141791
0.00119403
0.00291045
0.000522388
0.00291045
0.00104478
0.000746269
0.00291045
0.00350746
0.00179104
0.00141791
0.0011194
0.00208955
0.00238806
0.0030597
0.00298507
0.00328358
0.00365672
0.00179104
0.00223881
0.00358209
0.00343284
0.00253731
0.00298507
0.00201493
0.00328358
0.000223881
0.00298507
0.0011194
0.0011194
0.000597015
0.00298507
0.00261194
0.000298507
0.00156716
0.00313433
0.00208955
0.00171642
0.000447761
0.00320896
0.00350746
7.46269e-05
0.00164179
0.00283582
0.000522388
0.000522388
0.00231343
0.00208955
0.00119403
0.00141791
0.00343284
0.000298507
0.000373134
0.00358209
0.00343284
0.00313433
0.00201493
0.000373134
0.00149254
0.00134328
0.00171642
0.000298507
0.00268657
0.00365672
0.00350746
0.00223881
0.000149254
0.00246269
0.000223881
0.00246269
0.00126866
0.00238806
0.00276119
0.00164179
0.00291045
0.00126866
0.00328358
0.00320896
0.00276119
0.00298507
0.00201493
0.00134328
0.000820896
0.000970149
0.00358209
0.00171642
0.00156716
0.0030597
0.00141791
0.0019403
0.00283582
0.00156716
0.00365672
0.0011194
0.00201493
7.46269e-05
0.000373134
0.000298507
0.00328358
0.00298507
0.00291045
0.00335821
0.00186567
0.000298507
0.00246269
0.0030597
0.00358209
0.00223881
0.000671642
0.00350746
0.00358209
0.0019403
0.00328358
0.000447761
0.00283582
0.0011194
0.0019403
0.000373134
0.0011194
0.00335821
0.000746269
0.00291045
0.000895522
0.00134328
0.00156716
0
0.00350746
0.000447761
0.000149254
0.00223881
0.000895522
0.000298507
0.00126866
0.00343284
0.000447761
0.00291045
0.00179104
0.00231343
0.000671642
0.000522388
0.00313433
0.00223881
0
0.000820896
0.00268657
0.000746269
7.46269e-05
0.00343284
0.00261194
0.0011194
0.00358209
0.486501
0.0155357
0.298157
0.0373585
0.00113208
0.00566038
0.0396226
0.045283
0.0101887
0.045283
0.0135849
0.0554717
0.00226415
0.0509434
0.0396226
0.0316981
0.0441509
0.030566
0.0384906
0.0554717
0.00113208
0.0328302
0.0249057
0.0203774
0.0203774
0.0532075
0.0339623
0.0237736
0.0192453
0.0418868
0.00792453
0.0509434
0.0407547
