Examples 1
0
0 0 0 0 0 0 0 0 0 0 0 0 0 0 0 0 0 0 0 0 0 0 0 0 0 0 0 0 
0 0 0 0 0 0 0 0 0 0 0 0 0 0 0 0 0 0 0 0 0 0 0 0 0 0 0 0 
0 0 0 0 0 0 0 0 0 0 0 0 0 0 0 0 0 0 0 0 0 0 0 0 0 0 0 0 
0 0 0 0 0 0 0 0 0 0 0 0 0 0 0 0 0 0 0 0 0 0 0 0 0 0 0 0 
0 0 0 0 0 0 0 0 0 0 0 0 0 0 0.341 0.831 0.871 0.141 0 0 0 0 0 0 0 0 0 0 
0 0 0 0 0 0 0 0 0 0 0 0 0 0.0863 0.992 0.988 0.988 0.859 0.631 0.169 0 0 0 0 0 0 0 0 
0 0 0 0 0 0 0 0 0 0 0 0 0.392 0.843 0.992 0.988 0.988 0.988 0.988 0.969 0.639 0.0745 0 0 0 0 0 0 
0 0 0 0 0 0 0 0 0 0 0 0.392 0.957 0.988 0.992 0.988 0.988 0.988 0.988 0.992 0.988 0.737 0.0667 0 0 0 0 0 
0 0 0 0 0 0 0 0 0 0.0431 0.533 0.965 0.988 0.988 0.992 0.988 0.988 0.988 0.988 0.992 0.988 0.988 0.176 0 0 0 0 0 
0 0 0 0 0 0 0 0 0 0.38 0.992 0.992 0.992 0.992 0.416 0.29 0.573 0.737 0.0431 0.502 0.992 0.992 0.22 0 0 0 0 0 
0 0 0 0 0 0 0 0 0.373 0.992 0.988 0.988 0.922 0.6 0 0 0 0 0 0.0941 0.988 0.988 0.627 0 0 0 0 0 
0 0 0 0 0 0 0 0.392 0.965 0.992 0.988 0.988 0.502 0 0 0 0 0 0 0.0275 0.729 0.988 0.725 0.0275 0 0 0 0 
0 0 0 0 0 0 0.392 0.957 0.988 0.992 0.988 0.396 0.0353 0 0 0 0 0 0 0 0.631 0.988 0.988 0.0863 0 0 0 0 
0 0 0 0 0 0.169 0.965 0.988 0.988 0.992 0.616 0.0235 0 0 0 0 0 0 0 0.0863 0.957 0.988 0.988 0.0863 0 0 0 0 
0 0 0 0 0.0118 0.667 0.992 0.992 0.953 0.62 0 0 0 0 0 0 0 0 0 0.341 0.992 0.992 0.796 0.0431 0 0 0 0 
0 0 0 0 0.38 0.988 0.988 0.988 0.459 0 0 0 0 0 0 0 0 0 0 0.541 0.988 0.988 0.341 0 0 0 0 0 
0 0 0 0 0.541 0.988 0.988 0.89 0.0627 0 0 0 0 0 0 0 0 0 0 0.541 0.988 0.988 0.176 0 0 0 0 0 
0 0 0 0 0.541 0.988 0.988 0.259 0 0 0 0 0 0 0 0 0 0 0.169 0.914 0.988 0.988 0.176 0 0 0 0 0 
0 0 0 0 0.541 0.988 0.988 0.384 0 0 0 0 0 0 0 0 0 0.169 0.902 0.992 0.988 0.867 0.098 0 0 0 0 0 
0 0 0 0 0.502 0.992 0.992 0.992 0.788 0.298 0.0353 0 0 0 0 0.0588 0.541 0.992 0.992 1 0.894 0.125 0 0 0 0 0 0 
0 0 0 0 0.0353 0.678 0.988 0.988 0.988 0.992 0.761 0.631 0.631 0.631 0.635 0.859 0.988 0.988 0.988 0.894 0.459 0 0 0 0 0 0 0 
0 0 0 0 0 0.051 0.671 0.988 0.988 0.992 0.988 0.988 0.988 0.988 0.992 0.988 0.988 0.988 0.867 0.125 0 0 0 0 0 0 0 0 
0 0 0 0 0 0 0.051 0.345 0.792 0.992 0.988 0.988 0.988 0.988 0.992 0.988 0.89 0.627 0.137 0 0 0 0 0 0 0 0 0 
0 0 0 0 0 0 0 0 0.0431 0.129 0.537 0.867 0.824 0.537 0.537 0.459 0.0627 0 0 0 0 0 0 0 0 0 0 0 
0 0 0 0 0 0 0 0 0 0 0 0 0 0 0 0 0 0 0 0 0 0 0 0 0 0 0 0 
0 0 0 0 0 0 0 0 0 0 0 0 0 0 0 0 0 0 0 0 0 0 0 0 0 0 0 0 
0 0 0 0 0 0 0 0 0 0 0 0 0 0 0 0 0 0 0 0 0 0 0 0 0 0 0 0 
0 0 0 0 0 0 0 0 0 0 0 0 0 0 0 0 0 0 0 0 0 0 0 0 0 0 0 0