Examples 1
2
0 0 0 0 0 0 0 0 0 0 0 0 0 0 0 0 0 0 0 0 0 0 0 0 0 0 0 0 
0 0 0 0 0 0 0 0 0 0 0 0 0 0 0 0 0 0 0 0 0 0 0 0 0 0 0 0 
0 0 0 0 0 0 0 0 0 0 0 0 0 0 0 0 0 0 0 0 0 0 0 0 0 0 0 0 
0 0 0 0 0 0 0 0 0 0 0 0 0 0 0 0 0 0 0 0 0 0 0 0 0 0 0 0 
0 0 0 0 0 0 0 0 0 0 0 0 0 0 0 0 0 0 0 0 0 0 0 0 0 0 0 0 
0 0 0 0 0 0 0 0 0 0 0 0 0 0 0 0 0 0 0 0 0 0 0 0 0 0 0 0 
0 0 0 0 0 0 0 0 0 0 0 0 0 0 0 0 0 0 0 0 0 0 0 0 0 0 0 0 
0 0 0 0 0 0 0 0 0 0 0 0 0 0 0.0314 0.0627 0 0 0 0 0 0 0 0 0 0 0 0 
0 0 0 0 0 0 0.0118 0.267 0.455 0.502 0.773 0.773 0.773 0.773 0.843 0.918 0.773 0.773 0.773 0.773 0.773 0.494 0.267 0.051 0 0 0 0 
0 0 0 0 0 0 0.0667 0.996 0.996 0.969 0.835 0.835 0.835 0.635 0.51 0.514 0.51 0.51 0.51 0.51 0.51 0.792 0.929 0.878 0.337 0 0 0 
0 0 0 0 0 0 0.0118 0.161 0.161 0.133 0 0 0 0 0 0 0 0 0 0 0 0 0.0941 0.671 0.839 0 0 0 
0 0 0 0 0 0 0 0 0 0 0 0 0 0 0 0 0 0 0 0 0 0 0 0.788 0.639 0 0 0 
0 0 0 0 0 0 0 0 0 0 0 0 0 0 0 0 0 0 0 0 0 0 0.714 0.914 0.157 0 0 0 
0 0 0 0 0 0 0 0 0 0 0 0 0 0 0 0 0 0 0 0 0.153 0.447 0.737 0.169 0 0 0 0 
0 0 0 0 0 0 0 0 0 0 0 0 0 0 0 0 0 0 0 0.42 0.824 0.808 0.18 0 0 0 0 0 
0 0 0 0 0 0 0 0 0 0 0 0 0 0.0118 0.0235 0.0353 0.0353 0.169 0.647 1 0.996 0.788 0.996 0.502 0 0 0 0 
0 0 0 0 0 0 0.0275 0.306 0.388 0.388 0.388 0.463 0.502 0.792 0.902 0.996 0.996 0.996 0.965 0.929 0.929 0.859 0.608 0.329 0 0 0 0 
0 0 0 0 0 0.431 0.839 0.996 0.98 0.898 0.627 0.576 0.494 0.361 0.286 0.788 0.988 0.627 0.141 0 0 0 0 0 0 0 0 0 
0 0 0 0 0 0.996 0.925 0.412 0.196 0 0 0 0 0.133 0.627 0.898 0.408 0 0 0 0 0 0 0 0 0 0 0 
0 0 0 0 0 0.788 0.878 0.0941 0 0 0 0.0392 0.353 0.69 0.624 0.0627 0 0 0 0 0 0 0 0 0 0 0 0 
0 0 0 0 0 0.0706 0.784 0.867 0.196 0.247 0.576 0.875 0.737 0.239 0 0 0 0 0 0 0 0 0 0 0 0 0 0 
0 0 0 0 0 0 0.0706 0.686 0.769 0.769 0.604 0.275 0.0157 0 0 0 0 0 0 0 0 0 0 0 0 0 0 0 
0 0 0 0 0 0 0 0 0 0 0 0 0 0 0 0 0 0 0 0 0 0 0 0 0 0 0 0 
0 0 0 0 0 0 0 0 0 0 0 0 0 0 0 0 0 0 0 0 0 0 0 0 0 0 0 0 
0 0 0 0 0 0 0 0 0 0 0 0 0 0 0 0 0 0 0 0 0 0 0 0 0 0 0 0 
0 0 0 0 0 0 0 0 0 0 0 0 0 0 0 0 0 0 0 0 0 0 0 0 0 0 0 0 
0 0 0 0 0 0 0 0 0 0 0 0 0 0 0 0 0 0 0 0 0 0 0 0 0 0 0 0 
0 0 0 0 0 0 0 0 0 0 0 0 0 0 0 0 0 0 0 0 0 0 0 0 0 0 0 0