Examples 1
5
0 0 0 0 0 0 0 0 0 0 0 0 0 0 0 0 0 0 0 0 0 0 0 0 0 0 0 0 
0 0 0 0 0 0 0 0 0 0 0 0 0 0 0 0 0 0 0 0 0 0 0 0 0 0 0 0 
0 0 0 0 0 0 0 0 0 0 0 0 0 0 0 0 0 0 0 0 0 0 0 0 0 0 0 0 
0 0 0 0 0 0 0 0 0 0 0 0 0 0 0 0 0 0 0 0 0 0 0 0 0 0 0 0 
0 0 0 0 0 0 0 0 0 0 0 0 0 0 0 0 0 0 0 0 0 0 0 0 0 0 0 0 
0 0 0 0 0 0 0 0 0 0 0 0 0 0 0 0.00784 0.00784 0.0235 0.192 0.51 0.941 0.996 0.784 0.0235 0 0 0 0 
0 0 0 0 0 0 0 0 0 0 0 0 0.0118 0.051 0.051 0.541 0.635 0.906 0.992 0.992 0.992 0.992 0.992 0.333 0.0275 0 0 0 
0 0 0 0 0 0 0 0 0 0 0 0 0.231 0.992 0.992 0.992 0.992 0.992 0.992 0.992 0.992 0.992 0.925 0.988 0.506 0 0 0 
0 0 0 0 0 0 0 0 0 0 0.0157 0.424 0.863 0.992 0.992 0.992 0.945 0.961 0.894 0.894 0.471 0.412 0.0314 0.392 0.212 0 0 0 
0 0 0 0 0 0 0 0 0 0 0.149 0.992 0.992 0.992 0.784 0.388 0.2 0.263 0 0 0 0 0 0 0 0 0 0 
0 0 0 0 0 0 0 0 0 0 0.22 0.992 0.992 0.78 0.098 0 0 0 0 0 0 0 0 0 0 0 0 0 
0 0 0 0 0 0 0 0 0 0 0.549 0.992 0.961 0.239 0 0 0 0 0 0 0 0 0 0 0 0 0 0 
0 0 0 0 0 0 0 0 0 0 0.0471 0.761 0.933 0.573 0.0549 0 0 0 0 0 0 0 0 0 0 0 0 0 
0 0 0 0 0 0 0 0 0 0 0 0.549 0.992 0.992 0.267 0 0 0 0 0 0 0 0 0 0 0 0 0 
0 0 0 0 0 0 0 0 0 0 0 0.0471 0.643 0.992 0.62 0 0 0 0 0 0 0 0 0 0 0 0 0 
0 0 0 0 0 0 0 0 0 0 0 0 0.196 0.992 0.933 0.314 0 0 0 0 0 0 0 0 0 0 0 0 
0 0 0 0 0 0 0 0 0 0 0 0 0.0431 0.325 0.914 0.725 0 0 0 0 0 0 0 0 0 0 0 0 
0 0 0 0 0 0 0.157 0 0 0 0 0 0 0 0.263 0.498 0 0 0 0 0 0 0 0 0 0 0 0 
0 0 0 0 0 0.188 0.91 0.792 0.141 0 0 0 0 0 0 0.227 0.349 0 0 0 0 0 0 0 0 0 0 0 
0 0 0 0 0 0.333 0.992 0.992 0.91 0.51 0 0 0 0 0 0.686 0.953 0.165 0 0 0 0 0 0 0 0 0 0 
0 0 0 0 0 0.0157 0.812 0.992 0.992 0.98 0.804 0.133 0 0 0 0.565 0.992 0.192 0 0 0 0 0 0 0 0 0 0 
0 0 0 0 0 0 0.0745 0.608 0.992 0.992 0.992 0.933 0.804 0.325 0.306 0.808 0.992 0.396 0 0 0 0 0 0 0 0 0 0 
0 0 0 0 0 0 0 0.00784 0.357 0.824 0.992 0.992 0.992 0.976 0.976 0.992 0.992 0.675 0 0 0 0 0 0 0 0 0 0 
0 0 0 0 0 0 0 0 0 0.0902 0.596 0.992 0.992 0.992 0.992 0.992 0.992 0.451 0 0 0 0 0 0 0 0 0 0 
0 0 0 0 0 0 0 0 0 0 0.00392 0.0196 0.451 0.992 0.875 0.506 0.365 0.00392 0 0 0 0 0 0 0 0 0 0 
0 0 0 0 0 0 0 0 0 0 0 0 0 0 0 0 0 0 0 0 0 0 0 0 0 0 0 0 
0 0 0 0 0 0 0 0 0 0 0 0 0 0 0 0 0 0 0 0 0 0 0 0 0 0 0 0 
0 0 0 0 0 0 0 0 0 0 0 0 0 0 0 0 0 0 0 0 0 0 0 0 0 0 0 0