Examples 1
6
0 0 0 0 0 0 0 0 0 0 0 0 0 0 0 0 0 0 0 0 0 0 0 0 0 0 0 0 
0 0 0 0 0 0 0 0 0 0 0 0 0 0 0 0 0 0 0 0 0 0 0 0 0 0 0 0 
0 0 0 0 0 0 0 0 0 0 0 0 0.337 1 0.408 0 0 0 0 0 0 0 0 0 0 0 0 0 
0 0 0 0 0 0 0 0 0 0 0 0 0.651 0.996 0.329 0 0 0 0 0 0 0 0 0 0 0 0 0 
0 0 0 0 0 0 0 0 0 0 0 0.169 0.969 0.514 0.00392 0 0 0 0 0 0 0 0 0 0 0 0 0 
0 0 0 0 0 0 0 0 0 0 0.0196 0.776 0.973 0.118 0 0 0 0 0 0 0 0 0 0 0 0 0 0 
0 0 0 0 0 0 0 0 0 0 0.18 0.996 0.655 0 0 0 0 0 0 0 0 0 0 0 0 0 0 0 
0 0 0 0 0 0 0 0 0 0 0.729 0.953 0.216 0 0 0 0 0 0 0 0 0 0 0 0 0 0 0 
0 0 0 0 0 0 0 0 0 0.0784 0.957 0.792 0 0 0 0 0 0 0 0 0 0 0 0 0 0 0 0 
0 0 0 0 0 0 0 0 0 0.369 0.996 0.522 0 0 0 0 0 0 0 0 0 0 0 0 0 0 0 0 
0 0 0 0 0 0 0 0 0 0.694 0.992 0.212 0 0 0 0 0 0 0 0 0 0 0 0 0 0 0 0 
0 0 0 0 0 0 0 0 0 0.808 0.922 0 0 0 0 0 0.0431 0.267 0.675 0.722 0.722 0.263 0 0 0 0 0 0 
0 0 0 0 0 0 0 0 0.0314 0.863 0.922 0 0 0 0 0.243 0.851 0.996 0.996 0.996 0.996 0.969 0.133 0 0 0 0 0 
0 0 0 0 0 0 0 0 0.102 0.996 0.839 0 0 0 0.247 0.914 0.996 0.98 0.651 0.576 0.878 0.996 0.467 0 0 0 0 0 
0 0 0 0 0 0 0 0 0.0196 0.843 0.922 0 0 0.169 0.894 0.961 0.341 0.153 0 0 0.298 0.976 0.808 0 0 0 0 0 
0 0 0 0 0 0 0 0 0 0.808 0.922 0 0.00392 0.678 0.988 0.196 0 0 0 0 0 0.459 0.878 0.0392 0 0 0 0 
0 0 0 0 0 0 0 0 0 0.808 0.922 0 0.192 0.996 0.6 0 0 0 0 0 0 0.576 0.996 0.102 0 0 0 0 
0 0 0 0 0 0 0 0 0 0.792 0.949 0.0941 0.333 0.996 0.302 0 0 0 0 0 0.259 0.949 0.62 0.00784 0 0 0 0 
0 0 0 0 0 0 0 0 0 0.341 0.984 0.824 0.733 0.996 0.114 0 0 0 0 0.318 0.949 0.859 0.122 0 0 0 0 0 
0 0 0 0 0 0 0 0 0 0 0.663 0.996 0.996 0.996 0.478 0.0314 0.0314 0.353 0.761 0.992 0.824 0.161 0 0 0 0 0 0 
0 0 0 0 0 0 0 0 0 0 0.0431 0.773 0.98 0.996 0.996 0.996 0.996 0.996 0.957 0.451 0.0549 0 0 0 0 0 0 0 
0 0 0 0 0 0 0 0 0 0 0 0 0.216 0.635 0.71 0.953 0.706 0.475 0.098 0 0 0 0 0 0 0 0 0 
0 0 0 0 0 0 0 0 0 0 0 0 0 0 0 0 0 0 0 0 0 0 0 0 0 0 0 0 
0 0 0 0 0 0 0 0 0 0 0 0 0 0 0 0 0 0 0 0 0 0 0 0 0 0 0 0 
0 0 0 0 0 0 0 0 0 0 0 0 0 0 0 0 0 0 0 0 0 0 0 0 0 0 0 0 
0 0 0 0 0 0 0 0 0 0 0 0 0 0 0 0 0 0 0 0 0 0 0 0 0 0 0 0 
0 0 0 0 0 0 0 0 0 0 0 0 0 0 0 0 0 0 0 0 0 0 0 0 0 0 0 0 
0 0 0 0 0 0 0 0 0 0 0 0 0 0 0 0 0 0 0 0 0 0 0 0 0 0 0 0