Examples 1
8
0 0 0 0 0 0 0 0 0 0 0 0 0 0 0 0 0 0 0 0 0 0 0 0 0 0 0 0 
0 0 0 0 0 0 0 0 0 0 0 0 0 0 0 0 0 0 0 0 0 0 0 0 0 0 0 0 
0 0 0 0 0 0 0 0 0 0 0 0 0 0 0 0 0 0 0 0 0 0 0 0 0 0 0 0 
0 0 0 0 0 0 0 0 0 0 0 0 0 0 0 0 0 0 0 0 0 0 0 0 0 0 0 0 
0 0 0 0 0 0 0 0 0 0 0 0 0 0 0 0 0 0 0 0 0 0 0 0 0 0 0 0 
0 0 0 0 0 0 0 0 0 0 0 0 0 0 0 0 0 0 0 0 0 0 0 0.0667 0.706 1 0.0471 0 
0 0 0 0 0 0 0 0 0 0 0 0 0 0 0.0314 0 0 0 0 0 0 0 0.114 0.714 0.973 0.525 0.0157 0 
0 0 0 0 0 0 0 0 0.0157 0.192 0.518 0.776 0.776 0.776 0.847 0.776 0.776 0.776 0.592 0.224 0 0.129 0.867 0.969 0.463 0 0 0 
0 0 0 0 0 0 0 0.0118 0.569 0.996 0.996 0.996 0.82 0.804 0.804 0.804 0.894 0.996 0.996 0.941 0.824 0.945 0.565 0.145 0 0 0 0 
0 0 0 0 0 0 0 0.051 0.996 0.914 0.384 0.125 0.0118 0 0 0 0.0627 0.125 0.545 0.996 0.996 0.996 0.235 0 0 0 0 0 
0 0 0 0 0 0 0 0.051 0.996 0.851 0 0 0 0 0 0 0 0.153 0.769 0.996 0.996 0.996 0.329 0 0 0 0 0 
0 0 0 0 0 0 0 0.0196 0.714 0.992 0.278 0 0 0 0 0 0.318 0.831 0.91 0.961 0.682 0.996 0.545 0 0 0 0 0 
0 0 0 0 0 0 0 0 0.286 0.98 0.878 0.0706 0 0 0.00784 0.239 0.933 0.996 0.8 0.0196 0.451 0.949 0.224 0 0 0 0 0 
0 0 0 0 0 0 0 0 0 0.306 0.996 0.702 0.0118 0.0392 0.475 0.996 0.996 0.871 0.243 0 0.584 0.286 0 0 0 0 0 0 
0 0 0 0 0 0 0 0 0 0.0314 0.557 0.996 0.525 0.537 0.996 0.996 0.918 0.298 0 0 0.137 0.0588 0 0 0 0 0 0 
0 0 0 0 0 0 0 0 0 0 0.0941 0.863 0.996 0.996 0.996 0.973 0.314 0 0 0 0 0 0 0 0 0 0 0 
0 0 0 0 0 0 0 0 0 0 0.051 0.867 0.996 0.996 0.996 0.424 0 0 0 0 0 0 0 0 0 0 0 0 
0 0 0 0 0 0 0 0 0 0 0.486 0.996 0.996 0.996 0.996 0.549 0 0 0 0 0 0 0 0 0 0 0 0 
0 0 0 0 0 0 0 0 0.0353 0.541 0.992 0.996 0.792 0.439 0.878 0.816 0.184 0 0 0 0 0 0 0 0 0 0 0 
0 0 0 0 0 0 0 0 0.247 0.996 0.996 0.8 0.114 0 0.129 0.871 0.757 0.0157 0 0 0 0 0 0 0 0 0 0 
0 0 0 0 0 0 0 0.0235 0.847 0.996 0.91 0.145 0 0 0 0.388 0.996 0.4 0 0 0 0 0 0 0 0 0 0 
0 0 0 0 0 0 0 0.0431 0.949 0.996 0.494 0 0 0 0 0.114 0.996 0.675 0 0 0 0 0 0 0 0 0 0 
0 0 0 0 0 0 0 0 0.729 0.996 0.243 0 0 0.145 0.345 0.69 0.996 0.475 0 0 0 0 0 0 0 0 0 0 
0 0 0 0 0 0 0 0 0.443 0.996 0.949 0.902 0.902 0.965 0.996 0.996 0.729 0.196 0 0 0 0 0 0 0 0 0 0 
0 0 0 0 0 0 0 0 0.051 0.408 0.839 0.996 0.996 0.89 0.678 0.306 0.0118 0 0 0 0 0 0 0 0 0 0 0 
0 0 0 0 0 0 0 0 0 0 0 0 0 0 0 0 0 0 0 0 0 0 0 0 0 0 0 0 
0 0 0 0 0 0 0 0 0 0 0 0 0 0 0 0 0 0 0 0 0 0 0 0 0 0 0 0 
0 0 0 0 0 0 0 0 0 0 0 0 0 0 0 0 0 0 0 0 0 0 0 0 0 0 0 0