Examples 1
9
0 0 0 0 0 0 0 0 0 0 0 0 0 0 0 0 0 0 0 0 0 0 0 0 0 0 0 0 
0 0 0 0 0 0 0 0 0 0 0 0 0 0 0 0 0 0 0 0 0 0 0 0 0 0 0 0 
0 0 0 0 0 0 0 0 0 0 0 0 0 0 0 0 0 0 0 0 0 0 0 0 0 0 0 0 
0 0 0 0 0 0 0 0 0 0 0 0 0 0 0 0 0 0 0 0 0 0 0 0 0 0 0 0 
0 0 0 0 0 0 0 0 0 0 0 0 0 0 0 0 0 0 0 0 0 0 0 0 0 0 0 0 
0 0 0 0 0 0 0 0 0 0 0 0 0 0 0 0 0 0 0 0 0 0 0 0 0 0 0 0 
0 0 0 0 0 0 0 0 0 0 0 0 0.0118 0.4 0.537 0.929 0.796 0.294 0 0 0 0 0 0 0 0 0 0 
0 0 0 0 0 0 0 0 0 0 0 0.0157 0.282 0.996 0.996 0.996 0.996 0.957 0.0588 0 0 0 0 0 0 0 0 0 
0 0 0 0 0 0 0 0 0 0 0.00784 0.502 0.996 0.996 0.996 0.996 0.996 0.996 0.42 0 0 0 0 0 0 0 0 0 
0 0 0 0 0 0 0 0 0 0.122 0.298 0.996 0.996 0.996 0.996 0.996 0.996 0.996 0.765 0 0 0 0 0 0 0 0 0 
0 0 0 0 0 0 0 0 0 0.584 0.996 0.996 0.996 0.918 0.647 0.259 0.341 0.988 0.882 0 0 0 0 0 0 0 0 0 
0 0 0 0 0 0 0 0 0.2 0.667 0.996 0.996 0.443 0.0863 0 0 0.447 0.996 0.882 0 0.427 0.38 0 0 0 0 0 0 
0 0 0 0 0 0 0.00784 0.502 0.976 0.992 0.965 0.251 0.0157 0 0.00784 0.58 0.753 0.996 0.992 0.737 0.988 0.659 0 0 0 0 0 0 
0 0 0 0 0 0 0.255 0.996 0.996 0.996 0.133 0.0431 0 0 0.165 0.761 0.961 0.78 0.996 0.996 0.996 0.208 0 0 0 0 0 0 
0 0 0 0 0 0 0.675 0.996 0.996 0.996 0.996 0.792 0.627 0.306 0.635 0.996 0.996 0.996 0.996 0.996 0.957 0.173 0 0 0 0 0 0 
0 0 0 0 0 0 0.565 0.996 0.996 0.996 0.996 0.996 0.996 1 0.996 1 0.996 0.996 1 0.996 0.416 0 0 0 0 0 0 0 
0 0 0 0 0 0 0.051 0.576 0.941 0.996 0.996 0.996 0.996 0.996 0.996 0.996 0.996 0.996 0.996 0.855 0.0667 0 0 0 0 0 0 0 
0 0 0 0 0 0 0 0 0.133 0.357 0.612 0.204 0.333 0.161 0.302 0.235 0.529 0.996 0.996 0.424 0 0 0 0 0 0 0 0 
0 0 0 0 0 0 0 0 0 0 0 0 0 0 0 0 0.867 0.996 0.89 0.0314 0 0 0 0 0 0 0 0 
0 0 0 0 0 0 0 0 0 0 0 0 0 0 0 0.604 0.996 0.953 0.0196 0 0 0 0 0 0 0 0 0 
0 0 0 0 0 0 0 0 0 0 0 0 0 0 0.18 0.933 0.945 0.408 0 0 0 0 0 0 0 0 0 0 
0 0 0 0 0 0 0 0 0 0 0 0 0 0 0.392 0.996 0.251 0 0 0 0 0 0 0 0 0 0 0 
0 0 0 0 0 0 0 0 0 0 0 0 0 0.29 0.933 0.996 0.0902 0 0 0 0 0 0 0 0 0 0 0 
0 0 0 0 0 0 0 0 0 0 0 0 0 0.698 0.996 0.702 0.0196 0 0 0 0 0 0 0 0 0 0 0 
0 0 0 0 0 0 0 0 0 0 0 0 0 0.698 0.996 0.224 0 0 0 0 0 0 0 0 0 0 0 0 
0 0 0 0 0 0 0 0 0 0 0 0 0 0.698 0.855 0.0863 0 0 0 0 0 0 0 0 0 0 0 0 
0 0 0 0 0 0 0 0 0 0 0 0 0 0 0 0 0 0 0 0 0 0 0 0 0 0 0 0 
0 0 0 0 0 0 0 0 0 0 0 0 0 0 0 0 0 0 0 0 0 0 0 0 0 0 0 0