Examples 1
A
0 0 0 0 0 0 0 0 0 0 0 0 0 0 0 0 0 0 0 0 0 0 0 0 0 0 0 0 
0 0 0 0 0 0 0 0 0 0 0 0 0 0 0 0 0 0 0 0 0 0 0 0 0 0 0 0 
0 0 0 0 0 0 0 0 0 0 0 0 0 0 0 0 0 0 0 0 0 0 0 0 0 0 0 0 
0 0 0 0 0 0 0 0 0 0 0 0 0 0 0.965 0.965 0.965 0 0 0 0 0 0 0 0 0 0 0 
0 0 0 0 0 0 0 0 0 0 0 0 0 0.965 0.965 0 0.965 0.667 0 0 0 0 0 0 0 0 0 0 
0 0 0 0 0 0 0 0 0 0 0 0 0 0.965 0 0 0 0.965 0 0 0 0 0 0 0 0 0 0 
0 0 0 0 0 0 0 0 0 0 0 0 0.965 0 0 0 0 0.965 0 0 0 0 0 0 0 0 0 0 
0 0 0 0 0 0 0 0 0 0 0 0 0.965 0 0 0 0 0.89 0.961 0 0 0 0 0 0 0 0 0 
0 0 0 0 0 0 0 0 0 0 0 0.965 0.945 0 0 0 0 0 0.965 0 0 0 0 0 0 0 0 0 
0 0 0 0 0 0 0 0 0 0 0 0.965 0 0 0 0 0 0 0.965 0 0 0 0 0 0 0 0 0 
0 0 0 0 0 0 0 0 0 0 0 0.965 0 0 0 0 0 0 0.965 0 0 0 0 0 0 0 0 0 
0 0 0 0 0 0 0 0 0 0 0.957 0.937 0 0 0 0 0 0 0.965 0 0 0 0 0 0 0 0 0 
0 0 0 0 0 0 0 0 0 0 0.965 0 0 0 0 0 0 0 0.965 0 0 0 0 0 0 0 0 0 
0 0 0 0 0 0 0 0 0 0 0.965 0 0 0 0 0 0 0 0.965 0 0 0 0 0 0 0 0 0 
0 0 0 0 0 0 0 0 0.957 0.624 0.965 0 0 0 0 0 0 0 0.965 0 0 0 0 0 0 0 0 0 
0 0 0 0 0 0 0 0 0.965 0.965 0.965 0.965 0.965 0.965 0.965 0.965 0.965 0.965 0.965 0.965 0.965 0.965 0 0 0 0 0 0 
0 0 0 0 0 0 0 0 0 0.965 0 0.0824 0.965 0.965 0 0 0 0 0.965 0 0 0 0 0 0 0 0 0 
0 0 0 0 0 0 0 0 0.937 0.953 0 0 0 0 0.965 0.392 0 0 0.965 0 0 0 0 0 0 0 0 0 
0 0 0 0 0 0 0 0 0.965 0 0 0 0 0 0 0.965 0.11 0 0.965 0 0 0 0 0 0 0 0 0 
0 0 0 0 0 0 0 0.784 0.965 0 0 0 0 0 0 0 0.965 0 0.965 0 0 0 0 0 0 0 0 0 
0 0 0 0 0 0 0 0.965 0 0 0 0 0 0 0 0 0.659 0.965 0.965 0 0 0 0 0 0 0 0 0 
0 0 0 0 0 0 0.965 0.965 0 0 0 0 0 0 0 0 0 0.965 0.965 0 0 0 0 0 0 0 0 0 
0 0 0 0 0 0.965 0.965 0 0 0 0 0 0 0 0 0 0 0 0.965 0 0 0 0 0 0 0 0 0 
0 0 0 0 0.965 0.965 0 0 0 0 0 0 0 0 0 0 0 0 0.965 0.404 0 0 0 0 0 0 0 0 
0 0 0 0.965 0.965 0 0 0 0 0 0 0 0 0 0 0 0 0 0.957 0.965 0 0 0 0 0 0 0 0 
0 0 0 0.486 0 0 0 0 0 0 0 0 0 0 0 0 0 0 0 0.965 0 0 0 0 0 0 0 0 
0 0 0 0 0 0 0 0 0 0 0 0 0 0 0 0 0 0 0 0 0 0 0 0 0 0 0 0 
0 0 0 0 0 0 0 0 0 0 0 0 0 0 0 0 0 0 0 0 0 0 0 0 0 0 0 0