Examples 1
C
0 0 0 0 0 0 0 0 0 0 0 0 0 0 0 0 0 0 0 0 0 0 0 0 0 0 0 0 
0 0 0 0 0 0 0 0 0 0 0 0 0 0 0 0 0 0 0 0 0 0 0 0 0 0 0 0 
0 0 0 0 0 0 0 0 0 0 0 0 0 0 0 0 0 0 0 0 0 0 0 0 0 0 0 0 
0 0 0 0 0 0 0 0 0 0 0 0 0 0 0 0 0 0 0 0 0 0 0 0 0 0 0 0 
0 0 0 0 0 0 0 0.0863 0.965 0.965 0.965 0.965 0.965 0.965 0.965 0.965 0.937 0 0 0 0 0 0 0 0 0 0 0 
0 0 0 0 0 0 0.965 0.965 0 0 0 0 0 0 0.769 0 0.953 0.965 0.965 0 0 0 0 0 0 0 0 0 
0 0 0 0 0 0.965 0 0 0 0 0 0 0 0 0 0 0 0 0.435 0.965 0.882 0 0 0 0 0 0 0 
0 0 0 0 0.965 0.0549 0 0 0 0 0 0 0 0 0 0 0 0 0 0 0.965 0.965 0 0 0 0 0 0 
0 0 0 0 0.965 0 0 0 0 0 0 0 0 0 0 0 0 0 0 0 0 0.965 0.647 0 0 0 0 0 
0 0 0 0.965 0.424 0 0 0 0 0 0 0 0 0 0 0 0 0 0 0 0 0 0.965 0 0 0 0 0 
0 0 0 0.965 0 0 0 0 0 0 0 0 0 0 0 0 0 0 0 0 0 0 0.965 0.753 0 0 0 0 
0 0 0 0.965 0.263 0 0 0 0 0 0 0 0 0 0 0 0 0 0 0 0 0 0 0.965 0 0 0 0 
0 0 0 0.145 0.965 0 0 0 0 0 0 0 0 0 0 0 0 0 0 0 0 0 0 0.965 0 0 0 0 
0 0 0 0 0.965 0 0 0 0 0 0 0 0 0 0 0 0 0 0 0 0 0 0 0.965 0 0 0 0 
0 0 0 0 0.965 0.376 0 0 0 0 0 0 0 0 0 0 0 0 0 0 0 0 0 0.965 0 0 0 0 
0 0 0 0 0 0.965 0 0 0 0 0 0 0 0 0 0 0 0 0 0 0 0 0.753 0.965 0 0 0 0 
0 0 0 0 0 0.965 0.247 0 0 0 0 0 0 0 0 0 0 0 0 0 0 0 0.965 0 0 0 0 0 
0 0 0 0 0 0 0.965 0 0 0 0 0 0 0 0 0 0 0 0 0 0 0.251 0.965 0 0 0 0 0 
0 0 0 0 0 0 0.965 0.965 0 0 0 0 0 0 0 0 0 0 0 0 0 0.965 0 0 0 0 0 0 
0 0 0 0 0 0 0 0.965 0.251 0 0 0 0 0 0 0 0 0 0 0 0.965 0.906 0 0 0 0 0 0 
0 0 0 0 0 0 0 0 0.965 0.0431 0 0 0 0 0 0 0 0 0 0.965 0.6 0 0 0 0 0 0 0 
0 0 0 0 0 0 0 0 0.00392 0.965 0.843 0 0 0 0 0 0 0.0275 0.965 0.475 0 0 0 0 0 0 0 0 
0 0 0 0 0 0 0 0 0 0 0.965 0.965 0.965 0.965 0.965 0.965 0.965 0.965 0 0 0 0 0 0 0 0 0 0 
0 0 0 0 0 0 0 0 0 0 0 0 0 0 0.149 0 0 0 0 0 0 0 0 0 0 0 0 0 
0 0 0 0 0 0 0 0 0 0 0 0 0 0 0 0 0 0 0 0 0 0 0 0 0 0 0 0 
0 0 0 0 0 0 0 0 0 0 0 0 0 0 0 0 0 0 0 0 0 0 0 0 0 0 0 0 
0 0 0 0 0 0 0 0 0 0 0 0 0 0 0 0 0 0 0 0 0 0 0 0 0 0 0 0 
0 0 0 0 0 0 0 0 0 0 0 0 0 0 0 0 0 0 0 0 0 0 0 0 0 0 0 0