Examples 1
H
0 0 0 0 0 0 0 0 0 0 0 0 0 0 0 0 0 0 0 0 0 0 0 0 0 0 0 0 
0 0 0 0 0 0.922 0 0 0 0 0 0 0 0 0 0 0 0.831 0 0 0 0 0 0 0 0 0 0 
0 0 0 0 0 0.965 0 0 0 0 0 0 0 0 0 0 0 0.965 0 0 0 0 0 0 0 0 0 0 
0 0 0 0 0 0.965 0 0 0 0 0 0 0 0 0 0 0 0.965 0 0 0 0 0 0 0 0 0 0 
0 0 0 0 0.0431 0.965 0 0 0 0 0 0 0 0 0 0 0 0.965 0 0 0 0 0 0 0 0 0 0 
0 0 0 0 0.565 0.965 0 0 0 0 0 0 0 0 0 0 0 0.965 0 0 0 0 0 0 0 0 0 0 
0 0 0 0 0.792 0.961 0 0 0 0 0 0 0 0 0 0 0 0.965 0 0 0 0 0 0 0 0 0 0 
0 0 0 0 0.863 0.941 0 0 0 0 0 0 0 0 0 0 0 0.965 0 0 0 0 0 0 0 0 0 0 
0 0 0 0 0.898 0.937 0 0 0 0 0 0 0 0 0 0 0 0.965 0 0 0 0 0 0 0 0 0 0 
0 0 0 0 0.914 0.937 0 0 0 0 0 0 0 0 0 0 0 0.965 0 0 0 0 0 0 0 0 0 0 
0 0 0 0 0.922 0.933 0 0 0 0 0 0 0 0 0 0 0 0.965 0 0 0 0 0 0 0 0 0 0 
0 0 0 0 0.922 0.933 0 0 0 0 0 0 0 0 0 0 0 0.965 0 0 0 0 0 0 0 0 0 0 
0 0 0 0 0.784 0.949 0 0 0 0 0 0 0 0 0 0 0 0.965 0 0 0 0 0 0 0 0 0 0 
0 0 0 0 0.169 0.965 0.965 0.965 0.965 0.965 0.965 0.965 0.965 0.965 0.965 0.965 0.965 0.965 0.965 0 0 0 0 0 0 0 0 0 
0 0 0 0 0 0.965 0 0 0 0 0 0 0 0 0 0 0 0.965 0 0 0 0 0 0 0 0 0 0 
0 0 0 0 0 0.965 0 0 0 0 0 0 0 0 0 0 0 0.965 0 0 0 0 0 0 0 0 0 0 
0 0 0 0 0 0.965 0 0 0 0 0 0 0 0 0 0 0 0.965 0 0 0 0 0 0 0 0 0 0 
0 0 0 0 0 0.965 0 0 0 0 0 0 0 0 0 0 0 0.965 0 0 0 0 0 0 0 0 0 0 
0 0 0 0 0 0.965 0 0 0 0 0 0 0 0 0 0 0 0.965 0 0 0 0 0 0 0 0 0 0 
0 0 0 0 0 0.965 0 0 0 0 0 0 0 0 0 0 0 0.965 0 0 0 0 0 0 0 0 0 0 
0 0 0 0 0 0.965 0 0 0 0 0 0 0 0 0 0 0 0.965 0 0 0 0 0 0 0 0 0 0 
0 0 0 0 0.416 0.961 0 0 0 0 0 0 0 0 0 0 0 0.965 0 0 0 0 0 0 0 0 0 0 
0 0 0 0 0.576 0.957 0 0 0 0 0 0 0 0 0 0 0 0.965 0 0 0 0 0 0 0 0 0 0 
0 0 0 0 0.506 0.957 0 0 0 0 0 0 0 0 0 0 0 0.965 0 0 0 0 0 0 0 0 0 0 
0 0 0 0 0 0.0118 0 0 0 0 0 0 0 0 0 0 0 0.965 0 0 0 0 0 0 0 0 0 0 
0 0 0 0 0 0 0 0 0 0 0 0 0 0 0 0 0 0.0706 0 0 0 0 0 0 0 0 0 0 
0 0 0 0 0 0 0 0 0 0 0 0 0 0 0 0 0 0 0 0 0 0 0 0 0 0 0 0 
0 0 0 0 0 0 0 0 0 0 0 0 0 0 0 0 0 0 0 0 0 0 0 0 0 0 0 0