Examples 1
M
0 0 0 0 0 0 0 0 0 0 0 0 0 0 0 0 0 0 0 0 0 0 0 0 0 0 0 0 
0 0 0 0 0 0 0 0 0 0 0 0 0 0 0 0 0 0 0 0 0 0 0 0 0 0 0 0 
0 0 0 0 0 0 0 0 0 0 0 0 0 0 0 0 0 0 0 0.659 0 0 0 0 0 0 0 0 
0 0 0 0 0 0 0 0 0 0 0 0.961 0 0 0 0 0 0 0 0.965 0.427 0 0 0 0 0 0 0 
0 0 0 0 0 0 0 0 0 0 0 0.965 0 0 0 0 0 0 0 0.965 0.459 0 0 0 0 0 0 0 
0 0 0 0 0 0 0 0 0 0 0.827 0.965 0 0 0 0 0 0 0.965 0.965 0.188 0 0 0 0 0 0 0 
0 0 0 0 0 0 0 0 0 0 0.965 0.965 0 0 0 0 0 0 0.965 0.965 0 0 0 0 0 0 0 0 
0 0 0 0 0 0 0 0 0 0 0.965 0.965 0 0 0 0 0 0 0.965 0.965 0 0 0 0 0 0 0 0 
0 0 0 0 0 0 0 0 0 0 0.965 0.965 0 0 0 0 0 0.91 0.965 0.965 0 0 0 0 0 0 0 0 
0 0 0 0 0 0 0 0 0 0.965 0.435 0.965 0 0 0 0 0 0.965 0 0.965 0 0 0 0 0 0 0 0 
0 0 0 0 0 0 0 0 0 0.965 0 0.965 0 0 0 0 0 0.965 0 0.965 0 0 0 0 0 0 0 0 
0 0 0 0 0 0 0 0 0 0.965 0.118 0.965 0 0 0 0 0.965 0.494 0.251 0.965 0 0 0 0 0 0 0 0 
0 0 0 0 0 0 0 0 0.965 0.129 0.831 0.965 0 0 0 0 0.965 0 0.965 0.431 0 0 0 0 0 0 0 0 
0 0 0 0 0 0 0 0 0.965 0 0.949 0.922 0 0 0 0.965 0.00784 0 0.965 0 0 0 0 0 0 0 0 0 
0 0 0 0 0 0 0 0.667 0.965 0 0.961 0.855 0 0 0.227 0.965 0 0 0.965 0 0 0 0 0 0 0 0 0 
0 0 0 0 0 0 0 0.965 0 0 0.957 0.831 0 0 0.965 0 0 0 0.965 0 0 0 0 0 0 0 0 0 
0 0 0 0 0 0 0 0.965 0 0 0.859 0.961 0 0.902 0.965 0 0 0 0.965 0 0 0 0 0 0 0 0 0 
0 0 0 0 0 0 0.965 0.945 0 0 0.271 0.965 0 0.965 0 0 0 0 0.965 0 0 0 0 0 0 0 0 0 
0 0 0 0 0 0 0.965 0 0 0 0 0.965 0.965 0.929 0 0 0 0 0.965 0 0 0 0 0 0 0 0 0 
0 0 0 0 0 0.412 0.965 0 0 0 0 0.965 0.965 0 0 0 0 0 0.965 0 0 0 0 0 0 0 0 0 
0 0 0 0 0 0.965 0 0 0 0 0.635 0.965 0.278 0 0 0 0 0 0.965 0 0 0 0 0 0 0 0 0 
0 0 0 0 0.0118 0.965 0 0 0 0 0.965 0.965 0 0 0 0 0 0 0.965 0 0 0 0 0 0 0 0 0 
0 0 0 0 0.965 0 0 0 0 0 0.965 0.518 0 0 0 0 0 0 0.965 0 0 0 0 0 0 0 0 0 
0 0 0 0.965 0.965 0 0 0 0 0 0.965 0 0 0 0 0 0 0 0.965 0 0 0 0 0 0 0 0 0 
0 0 0.965 0.965 0 0 0 0 0 0 0 0 0 0 0 0 0 0 0.965 0 0 0 0 0 0 0 0 0 
0 0 0.965 0 0 0 0 0 0 0 0 0 0 0 0 0 0 0 0.965 0 0 0 0 0 0 0 0 0 
0 0 0 0 0 0 0 0 0 0 0 0 0 0 0 0 0 0 0 0 0 0 0 0 0 0 0 0 
0 0 0 0 0 0 0 0 0 0 0 0 0 0 0 0 0 0 0 0 0 0 0 0 0 0 0 0