Examples 1
S
0 0 0 0 0 0 0 0 0 0 0 0 0 0 0 0 0 0 0 0 0 0 0 0 0 0 0 0 
0 0 0 0 0 0 0 0 0 0 0 0 0 0 0 0 0 0 0 0 0 0 0 0 0 0 0 0 
0 0 0 0 0 0 0 0 0 0 0 0 0 0 0 0 0 0 0 0 0 0 0 0 0 0 0 0 
0 0 0 0 0 0 0 0 0 0 0 0 0 0 0 0 0 0 0 0 0 0 0 0 0 0 0 0 
0 0 0 0 0 0 0 0 0 0 0 0.965 0.965 0.965 0.965 0.965 0.965 0.965 0 0 0 0 0 0 0 0 0 0 
0 0 0 0 0 0 0 0 0 0 0.965 0.906 0 0 0 0 0 0.925 0.965 0 0 0 0 0 0 0 0 0 
0 0 0 0 0 0 0 0 0 0 0.965 0 0 0 0 0 0 0 0 0.965 0 0 0 0 0 0 0 0 
0 0 0 0 0 0 0 0 0 0 0.965 0 0 0 0 0 0 0 0 0.965 0 0 0 0 0 0 0 0 
0 0 0 0 0 0 0 0 0 0.0431 0.965 0 0 0 0 0 0 0 0 0.965 0 0 0 0 0 0 0 0 
0 0 0 0 0 0 0 0 0 0 0.965 0 0 0 0 0 0 0 0 0 0 0 0 0 0 0 0 0 
0 0 0 0 0 0 0 0 0 0 0.788 0.965 0 0 0 0 0 0 0 0 0 0 0 0 0 0 0 0 
0 0 0 0 0 0 0 0 0 0 0 0.714 0.965 0.965 0 0 0 0 0 0 0 0 0 0 0 0 0 0 
0 0 0 0 0 0 0 0 0 0 0 0 0 0.965 0.965 0.965 0 0 0 0 0 0 0 0 0 0 0 0 
0 0 0 0 0 0 0 0 0 0 0 0 0 0 0 0.455 0.965 0.965 0 0 0 0 0 0 0 0 0 0 
0 0 0 0 0 0 0 0 0 0 0 0 0 0 0 0 0 0.89 0.965 0.0667 0 0 0 0 0 0 0 0 
0 0 0 0 0 0 0 0 0 0 0 0 0 0 0 0 0 0 0 0.965 0.855 0 0 0 0 0 0 0 
0 0 0 0 0 0 0 0 0 0 0 0 0 0 0 0 0 0 0 0 0.965 0.812 0 0 0 0 0 0 
0 0 0 0 0 0 0 0 0 0 0 0 0 0 0 0 0 0 0 0 0 0.965 0 0 0 0 0 0 
0 0 0 0 0 0 0 0 0 0 0 0 0 0 0 0 0 0 0 0 0 0.965 0 0 0 0 0 0 
0 0 0 0 0 0 0 0 0 0 0 0 0 0 0 0 0 0 0 0 0 0.965 0 0 0 0 0 0 
0 0 0 0 0 0 0 0 0 0 0 0 0 0 0 0 0 0 0 0 0 0.965 0 0 0 0 0 0 
0 0 0 0 0 0 0 0 0 0 0 0 0 0 0 0 0 0 0 0 0.965 0.91 0 0 0 0 0 0 
0 0 0 0 0 0 0 0 0 0 0 0 0 0 0 0 0 0 0 0.965 0.965 0 0 0 0 0 0 0 
0 0 0 0.965 0.965 0 0 0 0 0 0 0 0 0 0 0 0 0.00392 0.965 0.776 0 0 0 0 0 0 0 0 
0 0 0 0 0.827 0.965 0 0 0 0 0 0 0 0 0.541 0.965 0.965 0.965 0 0 0 0 0 0 0 0 0 0 
0 0 0 0 0 0.267 0.965 0.965 0.965 0.965 0.965 0.965 0.965 0.965 0.965 0.396 0 0 0 0 0 0 0 0 0 0 0 0 
0 0 0 0 0 0 0 0 0 0 0 0 0 0 0 0 0 0 0 0 0 0 0 0 0 0 0 0 
0 0 0 0 0 0 0 0 0 0 0 0 0 0 0 0 0 0 0 0 0 0 0 0 0 0 0 0 