Examples 30
T
0 0 0 0 0 0 0 0 0 0 0 0 0 0 0 0 0 0 0 0 0 0 0 0 0 0 0 0 
0 0 0 0 0 0 0 0 0 0 0 0 0 0 0 0 0 0 0 0 0 0 0 0 0 0 0 0 
0 0 0 0 0 0 0 0 0.965 0 0 0 0 0 0 0 0 0 0 0 0 0 0 0 0 0 0 0 
0 0 0 0 0 0 0 0.227 0.965 0.965 0 0 0 0 0 0 0 0 0 0 0 0 0 0 0 0 0 0 
0 0 0 0 0 0 0 0.965 0 0.58 0.965 0 0 0 0 0 0 0 0 0 0 0 0 0 0 0 0 0 
0 0 0 0 0 0 0 0.965 0 0 0.729 0.965 0 0 0 0 0 0 0 0 0 0 0 0 0 0 0 0 
0 0 0 0 0 0 0 0.965 0 0 0 0.702 0.965 0 0 0 0 0 0 0 0 0 0 0 0 0 0 0 
0 0 0 0 0 0 0 0.965 0 0 0 0 0.965 0.965 0 0 0 0 0 0 0 0 0 0 0 0 0 0 
0 0 0 0 0 0 0.965 0.965 0 0 0 0 0 0.965 0.102 0 0 0 0 0 0 0 0 0 0 0 0 0 
0 0 0 0 0 0 0.965 0 0 0 0 0 0 0 0.965 0 0 0 0 0 0 0 0 0 0 0 0 0 
0 0 0 0 0 0 0.965 0 0 0 0 0 0 0 0.263 0.965 0 0 0 0 0 0 0 0 0 0 0 0 
0 0 0 0 0 0.694 0.965 0 0 0 0 0 0 0 0 0.965 0.965 0 0 0 0 0 0 0 0 0 0 0 
0 0 0 0 0 0.965 0 0 0 0 0 0 0 0 0 0 0.965 0 0 0 0 0 0 0 0 0 0 0 
0 0 0 0 0 0.965 0 0 0 0 0 0 0 0 0 0 0.00784 0.965 0 0 0 0 0 0 0 0 0 0 
0 0 0 0 0.0196 0.965 0 0 0 0 0 0 0 0 0 0 0 0.965 0.725 0 0 0 0 0 0 0 0 0 
0 0 0 0 0.965 0.098 0 0 0 0 0 0 0 0 0 0 0 0 0.965 0 0 0 0 0 0 0 0 0 
0 0 0 0 0.965 0 0 0 0 0 0 0 0 0 0 0 0 0 0.0549 0.965 0 0 0 0 0 0 0 0 
0 0 0 0.0588 0.965 0 0 0 0 0 0 0 0 0 0 0 0 0 0 0.667 0.965 0 0 0 0 0 0 0 
0 0 0 0.965 0.0784 0 0 0 0 0 0 0 0 0 0 0 0 0 0 0 0.965 0.965 0 0 0 0 0 0 
0 0 0 0.965 0 0 0 0 0 0 0 0 0 0 0 0 0 0 0 0 0 0.965 0.965 0 0 0 0 0 
0 0 0.435 0.965 0 0 0 0 0 0 0 0 0 0 0 0 0 0 0 0 0 0 0.965 0.965 0 0 0 0 
0 0 0.965 0 0 0 0 0 0 0 0 0 0 0 0 0 0 0 0 0 0 0 0 0.965 0.965 0 0 0 
0 0.165 0.965 0.965 0.965 0.906 0.765 0.765 0.761 0.765 0.757 0.769 0.769 0.757 0.765 0.757 0.773 0.773 0.757 0.761 0.741 0.729 0.655 0.424 0.502 0.965 0 0 
0 0 0 0 0.69 0.961 0.961 0.961 0.961 0.965 0.961 0.965 0.961 0.961 0.965 0.961 0.965 0.965 0.961 0.965 0.961 0.965 0.965 0.965 0.965 0.965 0.0471 0 
0 0 0 0 0 0 0 0 0 0 0 0 0 0 0 0 0 0 0 0 0 0 0 0 0 0 0 0 
0 0 0 0 0 0 0 0 0 0 0 0 0 0 0 0 0 0 0 0 0 0 0 0 0 0 0 0 
0 0 0 0 0 0 0 0 0 0 0 0 0 0 0 0 0 0 0 0 0 0 0 0 0 0 0 0 
0 0 0 0 0 0 0 0 0 0 0 0 0 0 0 0 0 0 0 0 0 0 0 0 0 0 0 0 
T
0 0 0 0 0 0 0 0 0 0 0 0 0 0 0 0 0 0 0 0 0 0 0 0 0 0 0 0 
0 0 0 0 0 0 0 0 0 0 0 0 0 0 0 0 0 0 0 0 0 0 0 0 0 0 0 0 
0 0 0 0 0 0 0 0 0 0 0 0 0 0 0 0 0 0 0 0 0 0 0 0 0.922 0.965 0 0 
0 0 0 0 0 0 0 0 0 0 0 0 0 0 0 0 0 0 0 0 0 0 0.341 0.965 0.965 0.965 0 0 
0 0 0 0 0 0 0 0 0 0 0 0 0 0 0 0 0 0 0 0 0 0.965 0.965 0 0 0.965 0 0 
0 0 0 0 0 0 0 0 0 0 0 0 0 0 0 0 0 0 0 0.604 0.965 0.412 0 0 0 0.965 0 0 
0 0 0 0 0 0 0 0 0 0 0 0 0 0 0 0 0 0 0.965 0.965 0 0 0 0 0.125 0.965 0 0 
0 0 0 0 0 0 0 0 0 0 0 0 0 0 0 0 0 0.965 0.965 0 0 0 0 0 0.251 0.965 0 0 
0 0 0 0 0 0 0 0 0 0 0 0 0 0 0 0.765 0.965 0.918 0 0 0 0 0 0 0.329 0.965 0 0 
0 0 0 0 0 0 0 0 0 0 0 0 0 0.965 0.965 0.965 0 0 0 0 0 0 0 0 0.361 0.965 0 0 
0 0 0 0 0 0 0 0 0 0 0.235 0.965 0.965 0.882 0 0 0 0 0 0 0 0 0 0 0.373 0.965 0 0 
0 0 0 0 0 0 0 0 0.929 0.965 0.965 0 0 0 0 0 0 0 0 0 0 0 0 0 0.376 0.965 0 0 
0 0 0 0 0 0.859 0.965 0.965 0.953 0 0 0 0 0 0 0 0 0 0 0 0 0 0 0 0.376 0.965 0 0 
0 0 0 0.965 0.965 0.949 0 0 0 0 0 0 0 0 0 0 0 0 0 0 0 0 0 0 0.369 0.965 0 0 
0 0 0 0.965 0.965 0 0 0 0 0 0 0 0 0 0 0 0 0 0 0 0 0 0 0 0.0196 0.965 0 0 
0 0 0 0 0.965 0.965 0 0 0 0 0 0 0 0 0 0 0 0 0 0 0 0 0 0 0 0.965 0 0 
0 0 0 0 0 0.278 0.965 0.965 0 0 0 0 0 0 0 0 0 0 0 0 0 0 0 0 0 0.965 0 0 
0 0 0 0 0 0 0 0.118 0.965 0.965 0.588 0 0 0 0 0 0 0 0 0 0 0 0 0 0 0.965 0 0 
0 0 0 0 0 0 0 0 0 0 0.965 0.965 0.922 0 0 0 0 0 0 0 0 0 0 0 0 0.965 0 0 
0 0 0 0 0 0 0 0 0 0 0 0 0.965 0.965 0.965 0 0 0 0 0 0 0 0 0 0 0.965 0 0 
0 0 0 0 0 0 0 0 0 0 0 0 0 0 0.902 0.965 0.965 0 0 0 0 0 0 0 0 0.965 0 0 
0 0 0 0 0 0 0 0 0 0 0 0 0 0 0 0 0.965 0.965 0 0 0 0 0 0 0 0.965 0 0 
0 0 0 0 0 0 0 0 0 0 0 0 0 0 0 0 0 0 0.965 0.965 0 0 0 0 0 0.965 0 0 
0 0 0 0 0 0 0 0 0 0 0 0 0 0 0 0 0 0 0 0.867 0.965 0.965 0 0 0 0.965 0 0 
0 0 0 0 0 0 0 0 0 0 0 0 0 0 0 0 0 0 0 0 0 0.965 0.965 0.00784 0 0.965 0.494 0 
0 0 0 0 0 0 0 0 0 0 0 0 0 0 0 0 0 0 0 0 0 0 0 0.965 0.965 0.953 0.761 0 
0 0 0 0 0 0 0 0 0 0 0 0 0 0 0 0 0 0 0 0 0 0 0 0 0.427 0.965 0.38 0 
0 0 0 0 0 0 0 0 0 0 0 0 0 0 0 0 0 0 0 0 0 0 0 0 0 0 0 0 
S
0 0 0 0 0 0 0 0 0 0 0 0 0 0 0 0 0 0 0 0 0 0 0 0 0 0 0 0 
0 0 0 0 0 0 0 0 0 0 0 0 0 0 0 0 0 0 0 0 0 0 0 0 0 0 0 0 
0 0 0 0 0.965 0.965 0.965 0.965 0.965 0.965 0.965 0.965 0.965 0.965 0.965 0.965 0.965 0.965 0.965 0.965 0.965 0.965 0.965 0.965 0.545 0 0 0 
0 0 0 0 0 0.965 0 0 0 0 0 0 0 0 0 0 0 0 0 0 0 0 0 0.965 0 0 0 0 
0 0 0 0 0 0.965 0 0 0 0 0 0 0 0 0 0 0 0 0 0 0 0 0 0.965 0 0 0 0 
0 0 0 0 0 0.965 0 0 0 0 0 0 0 0 0 0 0 0 0 0 0 0 0 0.965 0 0 0 0 
0 0 0 0 0 0.965 0.612 0 0 0 0 0 0 0 0 0 0 0 0 0 0 0 0 0.965 0 0 0 0 
0 0 0 0 0 0.965 0.557 0 0 0 0 0 0 0 0 0 0 0 0 0 0 0 0.118 0.965 0 0 0 0 
0 0 0 0 0 0.965 0 0 0 0 0 0 0 0 0 0 0 0 0 0 0 0 0.941 0.929 0 0 0 0 
0 0 0 0 0 0.965 0 0 0 0 0 0 0 0 0 0 0 0 0 0 0 0 0.965 0.376 0 0 0 0 
0 0 0 0 0 0.965 0 0 0 0 0 0 0 0 0 0 0 0 0 0 0 0 0.965 0 0 0 0 0 
0 0 0 0 0 0.965 0 0 0 0 0 0 0 0 0 0 0 0 0 0 0 0 0.965 0 0 0 0 0 
0 0 0 0 0 0.965 0 0 0 0 0 0 0 0 0 0 0 0 0 0 0 0 0.965 0 0 0 0 0 
0 0 0 0 0.0588 0.965 0 0 0 0 0 0 0 0 0 0 0 0 0 0 0 0 0.965 0 0 0 0 0 
0 0 0 0 0.953 0.898 0 0 0 0 0 0 0 0 0 0 0 0 0 0 0 0 0.965 0 0 0 0 0 
0 0 0 0 0.965 0 0 0 0 0 0 0 0 0 0 0 0 0 0 0 0 0 0.965 0 0 0 0 0 
0 0 0 0 0.965 0 0 0 0 0 0 0 0 0 0 0 0 0 0 0 0 0 0.965 0 0 0 0 0 
0 0 0 0 0.965 0 0 0 0 0 0 0 0 0 0 0 0 0 0 0 0 0 0.965 0 0 0 0 0 
0 0 0 0 0.965 0 0 0 0 0 0 0 0 0 0 0 0 0 0 0 0 0 0.965 0 0 0 0 0 
0 0 0 0 0.965 0 0 0 0 0 0 0 0 0 0 0 0 0 0 0 0 0 0.965 0 0 0 0 0 
0 0 0 0 0.965 0 0 0 0 0 0 0 0 0 0 0 0 0 0 0 0 0 0.965 0 0 0 0 0 
0 0 0 0.945 0.929 0 0 0 0 0 0 0 0 0 0 0 0 0 0 0 0 0 0.965 0 0 0 0 0 
0 0 0 0.965 0 0 0 0 0 0 0 0 0 0 0 0 0 0 0 0 0 0 0.965 0 0 0 0 0 
0 0 0 0.965 0 0 0 0 0 0 0 0 0 0 0 0 0 0 0 0 0 0 0.965 0 0 0 0 0 
0 0 0 0.965 0 0 0 0 0 0 0 0 0 0 0 0 0 0 0 0 0 0 0.965 0 0 0 0 0 
0 0 0 0.965 0 0 0.0627 0.929 0.965 0.965 0.965 0.965 0.965 0.965 0.965 0.965 0.965 0.965 0.965 0.965 0.965 0.965 0.965 0.965 0.965 0 0 0 
0 0 0.965 0.965 0.965 0.965 0.965 0.957 0.0627 0 0 0 0 0 0 0 0 0 0 0 0 0 0 0 0 0 0 0 
0 0 0 0 0 0 0 0 0 0 0 0 0 0 0 0 0 0 0 0 0 0 0 0 0 0 0 0 
C
0 0 0 0 0 0 0 0 0 0 0 0 0 0 0 0 0 0 0 0 0 0 0 0 0 0 0 0 
0 0 0 0 0 0 0 0 0 0 0 0 0 0 0 0 0 0 0 0 0 0 0 0 0 0 0 0 
0 0 0 0 0 0 0 0 0 0 0 0 0 0 0 0 0 0 0 0 0 0 0 0 0 0 0 0 
0 0 0 0 0 0 0 0 0.965 0.965 0.965 0.965 0.965 0.965 0.965 0.965 0.267 0 0 0 0 0 0 0 0 0 0 0 
0 0 0 0 0 0 0.965 0.965 0.953 0 0.294 0 0 0 0 0 0.965 0.965 0 0 0 0 0 0 0 0 0 0 
0 0 0 0 0 0.965 0.965 0 0 0 0 0 0 0 0 0 0 0 0.965 0.965 0 0 0 0 0 0 0 0 
0 0 0 0 0.0235 0.965 0 0 0 0 0 0 0 0 0 0 0 0 0 0.965 0.965 0 0 0 0 0 0 0 
0 0 0 0 0.965 0.118 0 0 0 0 0 0 0 0 0 0 0 0 0 0 0.965 0.965 0 0 0 0 0 0 
0 0 0 0 0.965 0 0 0 0 0 0 0 0 0 0 0 0 0 0 0 0 0.965 0.329 0 0 0 0 0 
0 0 0 0 0.965 0 0 0 0 0 0 0 0 0 0 0 0 0 0 0 0 0 0.965 0 0 0 0 0 
0 0 0 0 0.965 0 0 0 0 0 0 0 0 0 0 0 0 0 0 0 0 0 0.965 0 0 0 0 0 
0 0 0 0 0.965 0 0 0 0 0 0 0 0 0 0 0 0 0 0 0 0 0 0.945 0.957 0 0 0 0 
0 0 0 0 0.965 0 0 0 0 0 0 0 0 0 0 0 0 0 0 0 0 0 0 0.965 0 0 0 0 
0 0 0 0 0.965 0 0 0 0 0 0 0 0 0 0 0 0 0 0 0 0 0 0 0.965 0 0 0 0 
0 0 0 0 0.965 0 0 0 0 0 0 0 0 0 0 0 0 0 0 0 0 0 0 0.965 0 0 0 0 
0 0 0 0 0.627 0.965 0 0 0 0 0 0 0 0 0 0 0 0 0 0 0 0 0 0.965 0 0 0 0 
0 0 0 0 0 0.965 0 0 0 0 0 0 0 0 0 0 0 0 0 0 0 0 0.965 0.91 0 0 0 0 
0 0 0 0 0 0.953 0.965 0 0 0 0 0 0 0 0 0 0 0 0 0 0.161 0.965 0.965 0 0 0 0 0 
0 0 0 0 0 0 0.965 0.965 0 0 0 0 0 0 0 0 0 0 0 0.965 0.965 0 0 0 0 0 0 0 
0 0 0 0 0 0 0 0.875 0.965 0.965 0.965 0.965 0.965 0.965 0.965 0.965 0.965 0.965 0.965 0.184 0 0 0 0 0 0 0 0 
0 0 0 0 0 0 0 0 0 0 0 0.239 0.518 0.624 0.667 0.639 0.0784 0 0 0 0 0 0 0 0 0 0 0 
0 0 0 0 0 0 0 0 0 0 0 0 0 0 0 0 0 0 0 0 0 0 0 0 0 0 0 0 
0 0 0 0 0 0 0 0 0 0 0 0 0 0 0 0 0 0 0 0 0 0 0 0 0 0 0 0 
0 0 0 0 0 0 0 0 0 0 0 0 0 0 0 0 0 0 0 0 0 0 0 0 0 0 0 0 
0 0 0 0 0 0 0 0 0 0 0 0 0 0 0 0 0 0 0 0 0 0 0 0 0 0 0 0 
0 0 0 0 0 0 0 0 0 0 0 0 0 0 0 0 0 0 0 0 0 0 0 0 0 0 0 0 
0 0 0 0 0 0 0 0 0 0 0 0 0 0 0 0 0 0 0 0 0 0 0 0 0 0 0 0 
0 0 0 0 0 0 0 0 0 0 0 0 0 0 0 0 0 0 0 0 0 0 0 0 0 0 0 0 
S
0 0 0 0 0 0 0 0 0 0 0 0 0 0 0 0 0 0 0 0 0 0 0 0 0 0 0 0 
0 0 0 0 0 0 0 0 0 0 0 0 0 0 0 0 0 0 0 0 0 0 0 0 0 0 0 0 
0 0 0 0 0 0.965 0.965 0.965 0.965 0.965 0.965 0.965 0.965 0.965 0.965 0.965 0.965 0.965 0.965 0.965 0.965 0.965 0.965 0.965 0.965 0.373 0 0 
0 0 0 0.965 0.965 0.506 0 0 0 0 0 0 0 0 0 0 0 0 0 0 0 0 0 0 0 0.965 0 0 
0 0 0 0 0.965 0 0 0 0 0 0 0 0 0 0 0 0 0 0 0 0 0 0 0 0 0.965 0 0 
0 0 0 0 0.965 0 0 0 0 0 0 0 0 0 0 0 0 0 0 0 0 0 0 0 0 0.965 0 0 
0 0 0 0 0.965 0 0 0 0 0 0 0 0 0 0 0 0 0 0 0 0 0 0 0 0 0.965 0 0 
0 0 0 0 0.965 0 0 0 0 0 0 0 0 0 0 0 0 0 0 0 0 0 0 0 0 0.965 0 0 
0 0 0 0 0.965 0 0 0 0 0 0 0 0 0 0 0 0 0 0 0 0 0 0 0 0 0.965 0 0 
0 0 0 0 0.965 0 0 0 0 0 0 0 0 0 0 0 0 0 0 0 0 0 0 0 0 0.965 0 0 
0 0 0 0 0.965 0 0 0 0 0 0 0 0 0 0 0 0 0 0 0 0 0 0 0 0 0.965 0 0 
0 0 0 0 0.965 0 0 0 0 0 0 0 0 0 0 0 0 0 0 0 0 0 0 0 0 0.965 0 0 
0 0 0 0 0.965 0 0 0 0 0 0 0 0 0 0 0 0 0 0 0 0 0 0 0 0 0.965 0 0 
0 0 0 0 0.965 0 0 0 0 0 0 0 0 0 0 0 0 0 0 0 0 0 0 0 0 0.965 0 0 
0 0 0 0 0.965 0 0 0 0 0 0 0 0 0 0 0 0 0 0 0 0 0 0 0 0 0.965 0 0 
0 0 0 0 0.965 0 0 0 0 0 0 0 0 0 0 0 0 0 0 0 0 0 0 0 0 0.965 0 0 
0 0 0 0 0.965 0 0 0 0 0 0 0 0 0 0 0 0 0 0 0 0 0 0 0 0 0.965 0 0 
0 0 0 0 0.965 0 0 0 0 0 0 0 0 0 0 0 0 0 0 0 0 0 0 0 0 0.965 0 0 
0 0 0 0 0.965 0.275 0 0 0 0 0 0 0 0 0 0 0 0 0 0 0 0 0 0 0 0.965 0 0 
0 0 0 0 0.482 0.965 0 0 0 0 0 0 0 0 0 0 0 0 0 0 0 0 0 0 0 0.965 0 0 
0 0 0 0 0 0.965 0 0 0 0 0 0 0 0 0 0 0 0 0 0 0 0 0 0 0 0.965 0 0 
0 0 0 0 0 0.965 0 0 0 0 0 0 0 0 0 0 0 0 0 0 0 0 0 0 0 0.965 0 0 
0 0 0 0 0 0.965 0 0 0 0 0 0 0 0 0 0 0 0 0 0 0 0 0 0 0 0.965 0.133 0 
0 0 0 0 0 0.965 0 0 0 0 0 0 0 0 0 0 0 0 0 0 0 0 0 0 0 0.859 0.941 0 
0 0 0 0 0 0.965 0 0 0 0 0 0 0 0 0 0 0 0 0 0 0.424 0.953 0.965 0.965 0.965 0.965 0.965 0 
0 0 0 0 0 0.965 0 0 0 0 0.0824 0.933 0.965 0.965 0.965 0.965 0.965 0.965 0.965 0.965 0.965 0.659 0 0 0 0 0 0 
0 0 0 0 0 0.957 0.965 0.965 0.965 0.965 0.965 0.89 0.098 0 0 0 0 0 0 0 0 0 0 0 0 0 0 0 
0 0 0 0 0 0.451 0.965 0 0 0 0 0 0 0 0 0 0 0 0 0 0 0 0 0 0 0 0 0 
C
0 0 0 0 0 0 0 0 0 0 0 0 0 0 0 0 0 0 0 0 0 0 0 0 0 0 0 0 
0 0 0 0 0 0 0 0 0 0 0 0 0 0 0 0 0 0 0 0 0 0 0 0 0 0 0 0 
0 0 0 0 0 0 0 0 0 0 0 0 0 0 0 0 0 0 0 0 0 0 0 0 0 0 0 0 
0 0 0 0 0 0 0 0 0 0 0 0 0 0 0 0 0 0 0 0 0 0 0 0 0 0 0 0 
0 0 0 0 0 0 0 0 0 0 0.00392 0.945 0.945 0.58 0 0 0 0 0 0 0 0 0 0 0 0 0 0 
0 0 0 0 0 0 0 0 0 0.965 0.965 0.965 0.965 0.965 0.965 0.965 0.965 0.894 0 0 0 0 0 0 0 0 0 0 
0 0 0 0 0 0 0 0 0.965 0 0 0 0 0 0 0 0 0.965 0.965 0.706 0 0 0 0 0 0 0 0 
0 0 0 0 0 0 0 0.965 0.00392 0 0 0 0 0 0 0 0 0 0 0.965 0.925 0 0 0 0 0 0 0 
0 0 0 0 0 0 0.965 0.796 0 0 0 0 0 0 0 0 0 0 0 0 0.965 0.965 0 0 0 0 0 0 
0 0 0 0 0 0.541 0.965 0 0 0 0 0 0 0 0 0 0 0 0 0 0 0.965 0.894 0 0 0 0 0 
0 0 0 0 0 0.965 0 0 0 0 0 0 0 0 0 0 0 0 0 0 0 0 0.965 0 0 0 0 0 
0 0 0 0 0.0627 0.965 0 0 0 0 0 0 0 0 0 0 0 0 0 0 0 0 0.937 0.965 0 0 0 0 
0 0 0 0 0.965 0.098 0 0 0 0 0 0 0 0 0 0 0 0 0 0 0 0 0 0.965 0 0 0 0 
0 0 0 0 0.965 0 0 0 0 0 0 0 0 0 0 0 0 0 0 0 0 0 0 0.965 0 0 0 0 
0 0 0 0 0.965 0 0 0 0 0 0 0 0 0 0 0 0 0 0 0 0 0 0 0.965 0 0 0 0 
0 0 0 0 0.965 0 0 0 0 0 0 0 0 0 0 0 0 0 0 0 0 0 0 0.965 0 0 0 0 
0 0 0 0 0.965 0 0 0 0 0 0 0 0 0 0 0 0 0 0 0 0 0 0 0.965 0 0 0 0 
0 0 0 0 0.965 0.306 0 0 0 0 0 0 0 0 0 0 0 0 0 0 0 0 0 0.965 0 0 0 0 
0 0 0 0 0 0.965 0 0 0 0 0 0 0 0 0 0 0 0 0 0 0 0 0.965 0.933 0 0 0 0 
0 0 0 0 0 0.949 0.965 0 0 0 0 0 0 0 0 0 0 0 0 0 0 0.965 0.965 0 0 0 0 0 
0 0 0 0 0 0 0.965 0.965 0.11 0 0 0 0 0 0 0 0 0 0 0 0.965 0.965 0 0 0 0 0 0 
0 0 0 0 0 0 0 0.0824 0.965 0.965 0.949 0.0235 0 0 0 0 0 0.353 0.965 0.965 0.961 0 0 0 0 0 0 0 
0 0 0 0 0 0 0 0 0 0 0.851 0.965 0.965 0.965 0.965 0.965 0.965 0.965 0.184 0 0 0 0 0 0 0 0 0 
0 0 0 0 0 0 0 0 0 0 0 0 0 0 0 0 0 0 0 0 0 0 0 0 0 0 0 0 
0 0 0 0 0 0 0 0 0 0 0 0 0 0 0 0 0 0 0 0 0 0 0 0 0 0 0 0 
0 0 0 0 0 0 0 0 0 0 0 0 0 0 0 0 0 0 0 0 0 0 0 0 0 0 0 0 
0 0 0 0 0 0 0 0 0 0 0 0 0 0 0 0 0 0 0 0 0 0 0 0 0 0 0 0 
0 0 0 0 0 0 0 0 0 0 0 0 0 0 0 0 0 0 0 0 0 0 0 0 0 0 0 0 
C
0 0 0 0 0 0 0 0 0 0 0 0 0 0 0 0 0 0 0 0 0 0 0 0 0 0 0 0 
0 0 0 0 0 0 0 0 0 0 0 0 0 0 0 0 0 0 0 0 0 0 0 0 0 0 0 0 
0 0 0 0 0 0 0 0 0 0 0 0 0 0 0 0 0 0 0 0 0 0 0 0 0 0 0 0 
0 0 0 0 0 0 0 0 0 0 0 0.749 0.965 0.965 0.945 0.333 0 0 0 0 0 0 0 0 0 0 0 0 
0 0 0 0 0 0 0 0 0 0.965 0.965 0.965 0.965 0.624 0.851 0.965 0.965 0.965 0.529 0 0 0 0 0 0 0 0 0 
0 0 0 0 0 0 0 0 0.965 0.965 0.569 0 0 0 0 0 0 0 0.965 0.965 0 0 0 0 0 0 0 0 
0 0 0 0 0 0 0.0627 0.965 0.875 0 0 0 0 0 0 0 0 0 0 0.337 0.965 0 0 0 0 0 0 0 
0 0 0 0 0 0 0.965 0.271 0 0 0 0 0 0 0 0 0 0 0 0 0.965 0.965 0 0 0 0 0 0 
0 0 0 0 0 0.965 0.271 0 0 0 0 0 0 0 0 0 0 0 0 0 0 0.965 0 0 0 0 0 0 
0 0 0 0 0 0.965 0 0 0 0 0 0 0 0 0 0 0 0 0 0 0 0.902 0.945 0 0 0 0 0 
0 0 0 0 0 0.965 0 0 0 0 0 0 0 0 0 0 0 0 0 0 0 0 0.965 0 0 0 0 0 
0 0 0 0 0 0.965 0 0 0 0 0 0 0 0 0 0 0 0 0 0 0 0 0.965 0 0 0 0 0 
0 0 0 0 0 0.965 0 0 0 0 0 0 0 0 0 0 0 0 0 0 0 0 0.965 0 0 0 0 0 
0 0 0 0 0 0.965 0 0 0 0 0 0 0 0 0 0 0 0 0 0 0 0 0.965 0 0 0 0 0 
0 0 0 0 0 0.965 0 0 0 0 0 0 0 0 0 0 0 0 0 0 0 0 0.965 0 0 0 0 0 
0 0 0 0 0 0.965 0 0 0 0 0 0 0 0 0 0 0 0 0 0 0 0 0.965 0 0 0 0 0 
0 0 0 0 0 0.435 0.965 0 0 0 0 0 0 0 0 0 0 0 0 0 0 0.914 0.961 0 0 0 0 0 
0 0 0 0 0 0 0.965 0 0 0 0 0 0 0 0 0 0 0 0 0 0 0.965 0 0 0 0 0 0 
0 0 0 0 0 0 0.812 0.965 0 0 0 0 0 0 0 0 0 0 0 0 0 0.965 0 0 0 0 0 0 
0 0 0 0 0 0 0 0.965 0 0 0 0 0 0 0 0 0 0 0 0 0.965 0.957 0 0 0 0 0 0 
0 0 0 0 0 0 0 0.773 0.965 0 0 0 0 0 0 0 0 0 0 0 0.965 0 0 0 0 0 0 0 
0 0 0 0 0 0 0 0 0.965 0.678 0 0 0 0 0 0 0 0 0 0.965 0.965 0 0 0 0 0 0 0 
0 0 0 0 0 0 0 0 0 0.965 0.957 0 0 0 0 0 0 0 0.929 0.965 0 0 0 0 0 0 0 0 
0 0 0 0 0 0 0 0 0 0 0.965 0.965 0.965 0.961 0.757 0.863 0.965 0.965 0.965 0 0 0 0 0 0 0 0 0 
0 0 0 0 0 0 0 0 0 0 0 0 0.0235 0.82 0.961 0.957 0.11 0 0 0 0 0 0 0 0 0 0 0 
0 0 0 0 0 0 0 0 0 0 0 0 0 0 0 0 0 0 0 0 0 0 0 0 0 0 0 0 
0 0 0 0 0 0 0 0 0 0 0 0 0 0 0 0 0 0 0 0 0 0 0 0 0 0 0 0 
0 0 0 0 0 0 0 0 0 0 0 0 0 0 0 0 0 0 0 0 0 0 0 0 0 0 0 0 
C
0 0 0 0 0 0 0 0 0 0 0 0 0 0 0 0 0 0 0 0 0 0 0 0 0 0 0 0 
0 0 0 0 0 0 0 0 0 0 0 0 0 0 0 0 0 0 0 0 0 0 0 0 0 0 0 0 
0 0 0 0 0 0 0 0 0 0 0 0 0 0 0 0 0 0 0 0 0 0 0 0 0 0 0 0 
0 0 0 0 0 0 0 0 0 0.506 0.965 0.965 0.965 0 0 0 0 0 0 0 0 0 0 0 0 0 0 0 
0 0 0 0 0 0 0 0.965 0.965 0.965 0.965 0.965 0.965 0.965 0.965 0.965 0.965 0.965 0 0 0 0 0 0 0 0 0 0 
0 0 0 0 0 0.965 0.965 0.859 0 0 0 0 0 0 0 0 0 0.431 0.965 0.949 0 0 0 0 0 0 0 0 
0 0 0 0 0.965 0.914 0 0 0 0 0 0 0 0 0 0 0 0 0 0.965 0.965 0 0 0 0 0 0 0 
0 0 0 0.965 0.435 0 0 0 0 0 0 0 0 0 0 0 0 0 0 0 0.965 0.937 0 0 0 0 0 0 
0 0 0.965 0.965 0 0 0 0 0 0 0 0 0 0 0 0 0 0 0 0 0 0.965 0 0 0 0 0 0 
0 0 0.965 0 0 0 0 0 0 0 0 0 0 0 0 0 0 0 0 0 0 0.212 0.965 0 0 0 0 0 
0 0 0.965 0 0 0 0 0 0 0 0 0 0 0 0 0 0 0 0 0 0 0 0.965 0 0 0 0 0 
0 0 0.965 0 0 0 0 0 0 0 0 0 0 0 0 0 0 0 0 0 0 0 0.702 0.965 0 0 0 0 
0 0 0.965 0 0 0 0 0 0 0 0 0 0 0 0 0 0 0 0 0 0 0 0 0.965 0 0 0 0 
0 0 0.965 0 0 0 0 0 0 0 0 0 0 0 0 0 0 0 0 0 0 0 0 0.965 0 0 0 0 
0 0 0.965 0 0 0 0 0 0 0 0 0 0 0 0 0 0 0 0 0 0 0 0 0.965 0 0 0 0 
0 0 0.965 0 0 0 0 0 0 0 0 0 0 0 0 0 0 0 0 0 0 0 0.106 0.965 0 0 0 0 
0 0 0.965 0.965 0 0 0 0 0 0 0 0 0 0 0 0 0 0 0 0 0 0 0.894 0.961 0 0 0 0 
0 0 0 0.965 0 0 0 0 0 0 0 0 0 0 0 0 0 0 0 0 0 0 0.965 0.176 0 0 0 0 
0 0 0 0.463 0.965 0 0 0 0 0 0 0 0 0 0 0 0 0 0 0 0 0 0.965 0 0 0 0 0 
0 0 0 0 0.965 0.329 0 0 0 0 0 0 0 0 0 0 0 0 0 0 0 0 0.965 0 0 0 0 0 
0 0 0 0 0 0.965 0 0 0 0 0 0 0 0 0 0 0 0 0 0 0 0.965 0.741 0 0 0 0 0 
0 0 0 0 0 0.961 0.965 0 0 0 0 0 0 0 0 0 0 0 0 0 0.965 0.965 0 0 0 0 0 0 
0 0 0 0 0 0 0.965 0.965 0 0 0 0 0 0 0 0 0 0 0.184 0.965 0.525 0 0 0 0 0 0 0 
0 0 0 0 0 0 0 0.965 0.965 0 0 0 0 0 0 0 0 0.965 0.965 0 0 0 0 0 0 0 0 0 
0 0 0 0 0 0 0 0 0.333 0.965 0.965 0.965 0.965 0.882 0.694 0.937 0.965 0.965 0 0 0 0 0 0 0 0 0 0 
0 0 0 0 0 0 0 0 0 0 0 0 0.702 0.961 0.961 0.949 0 0 0 0 0 0 0 0 0 0 0 0 
0 0 0 0 0 0 0 0 0 0 0 0 0 0 0 0 0 0 0 0 0 0 0 0 0 0 0 0 
0 0 0 0 0 0 0 0 0 0 0 0 0 0 0 0 0 0 0 0 0 0 0 0 0 0 0 0 
T
0 0 0 0 0 0 0 0 0 0 0 0 0 0 0 0 0 0 0 0 0 0 0 0 0 0 0 0 
0 0 0 0 0 0 0 0 0 0 0 0 0 0 0 0 0 0 0 0 0 0 0 0 0 0 0 0 
0 0 0 0 0 0 0 0 0 0 0 0.886 0 0 0 0 0 0 0 0 0 0 0 0 0 0 0 0 
0 0 0 0 0 0 0 0 0 0 0 0.965 0.965 0 0 0 0 0 0 0 0 0 0 0 0 0 0 0 
0 0 0 0 0 0 0 0 0 0 0.0471 0.965 0.91 0.965 0 0 0 0 0 0 0 0 0 0 0 0 0 0 
0 0 0 0 0 0 0 0 0 0 0.965 0.125 0 0.965 0 0 0 0 0 0 0 0 0 0 0 0 0 0 
0 0 0 0 0 0 0 0 0 0 0.965 0 0 0.522 0.965 0 0 0 0 0 0 0 0 0 0 0 0 0 
0 0 0 0 0 0 0 0 0 0 0.965 0 0 0 0.965 0 0 0 0 0 0 0 0 0 0 0 0 0 
0 0 0 0 0 0 0 0 0 0.953 0.961 0 0 0 0.902 0.965 0 0 0 0 0 0 0 0 0 0 0 0 
0 0 0 0 0 0 0 0 0 0.965 0 0 0 0 0 0.965 0 0 0 0 0 0 0 0 0 0 0 0 
0 0 0 0 0 0 0 0 0 0.965 0 0 0 0 0 0.847 0.965 0 0 0 0 0 0 0 0 0 0 0 
0 0 0 0 0 0 0 0 0 0.965 0 0 0 0 0 0 0.965 0 0 0 0 0 0 0 0 0 0 0 
0 0 0 0 0 0 0 0 0.176 0.965 0 0 0 0 0 0 0.00784 0.965 0 0 0 0 0 0 0 0 0 0 
0 0 0 0 0 0 0 0 0.965 0.0941 0 0 0 0 0 0 0 0.965 0.459 0 0 0 0 0 0 0 0 0 
0 0 0 0 0 0 0 0 0.965 0 0 0 0 0 0 0 0 0 0.965 0 0 0 0 0 0 0 0 0 
0 0 0 0 0 0 0 0 0.965 0 0 0 0 0 0 0 0 0 0.565 0.965 0 0 0 0 0 0 0 0 
0 0 0 0 0 0 0 0.965 0.753 0 0 0 0 0 0 0 0 0 0 0.965 0.957 0 0 0 0 0 0 0 
0 0 0 0 0 0 0 0.965 0 0 0 0 0 0 0 0 0 0 0 0 0.965 0.545 0 0 0 0 0 0 
0 0 0 0 0 0 0.965 0.957 0 0 0 0 0 0 0 0 0 0 0 0 0 0.965 0 0 0 0 0 0 
0 0 0 0 0 0 0.965 0 0 0 0 0 0 0 0 0 0 0 0 0 0 0.0549 0.965 0 0 0 0 0 
0 0 0 0 0 0.914 0.965 0 0 0 0 0 0 0 0 0 0 0 0 0 0 0 0.965 0.965 0 0 0 0 
0 0 0 0 0 0.965 0 0 0 0 0 0 0 0 0 0 0 0 0 0 0 0 0 0.965 0.843 0 0 0 
0 0 0 0 0 0.965 0 0 0 0 0 0 0 0 0 0 0 0 0 0 0 0 0 0 0.965 0 0 0 
0 0 0 0 0.965 0.463 0 0 0 0 0 0 0 0 0 0 0 0 0 0 0 0 0 0 0 0.965 0 0 
0 0 0 0.682 0.965 0 0 0 0 0 0 0 0 0 0 0 0 0 0 0 0.494 0.592 0.729 0.925 0.965 0.965 0.945 0 
0 0 0 0.965 0.965 0.965 0.965 0.965 0.965 0.965 0.965 0.965 0.965 0.965 0.965 0.965 0.965 0.965 0.965 0.965 0.965 0.965 0.965 0.953 0.486 0 0 0 
0 0 0 0 0 0 0 0 0 0 0 0 0 0 0 0 0 0 0 0 0 0 0 0 0 0 0 0 
0 0 0 0 0 0 0 0 0 0 0 0 0 0 0 0 0 0 0 0 0 0 0 0 0 0 0 0 
S
0 0 0 0 0 0 0 0 0 0 0 0 0 0 0 0 0 0 0 0 0 0 0 0 0 0 0 0 
0 0 0 0 0 0 0 0 0 0 0 0 0 0 0 0 0 0 0 0 0 0 0 0 0 0 0 0 
0 0 0.965 0.965 0.965 0.965 0.965 0.965 0.965 0.965 0.965 0.965 0.965 0.965 0.965 0.965 0.965 0.965 0.965 0.965 0.965 0.965 0.965 0.965 0 0 0 0 
0 0 0.965 0 0 0 0 0 0 0 0 0 0 0 0 0 0 0 0 0 0 0 0 0.965 0 0 0 0 
0 0 0.965 0 0 0 0 0 0 0 0 0 0 0 0 0 0 0 0 0 0 0 0 0.965 0 0 0 0 
0 0 0.965 0 0 0 0 0 0 0 0 0 0 0 0 0 0 0 0 0 0 0 0 0.965 0 0 0 0 
0 0 0.965 0 0 0 0 0 0 0 0 0 0 0 0 0 0 0 0 0 0 0 0 0.965 0 0 0 0 
0 0 0.965 0 0 0 0 0 0 0 0 0 0 0 0 0 0 0 0 0 0 0 0 0.965 0 0 0 0 
0 0 0.965 0 0 0 0 0 0 0 0 0 0 0 0 0 0 0 0 0 0 0 0 0.965 0 0 0 0 
0 0 0.965 0 0 0 0 0 0 0 0 0 0 0 0 0 0 0 0 0 0 0 0 0.965 0 0 0 0 
0 0 0.965 0 0 0 0 0 0 0 0 0 0 0 0 0 0 0 0 0 0 0 0 0.965 0 0 0 0 
0 0 0.965 0 0 0 0 0 0 0 0 0 0 0 0 0 0 0 0 0 0 0 0 0.965 0 0 0 0 
0 0 0.965 0 0 0 0 0 0 0 0 0 0 0 0 0 0 0 0 0 0 0 0 0.965 0 0 0 0 
0 0 0.965 0 0 0 0 0 0 0 0 0 0 0 0 0 0 0 0 0 0 0 0 0.965 0 0 0 0 
0 0 0.965 0 0 0 0 0 0 0 0 0 0 0 0 0 0 0 0 0 0 0 0 0.965 0 0 0 0 
0 0 0.965 0 0 0 0 0 0 0 0 0 0 0 0 0 0 0 0 0 0 0 0 0.965 0 0 0 0 
0 0 0.965 0 0 0 0 0 0 0 0 0 0 0 0 0 0 0 0 0 0 0 0 0.965 0 0 0 0 
0 0 0.965 0 0 0 0 0 0 0 0 0 0 0 0 0 0 0 0 0 0 0 0 0.965 0 0 0 0 
0 0 0.965 0 0 0 0 0 0 0 0 0 0 0 0 0 0 0 0 0 0 0 0 0.965 0 0 0 0 
0 0 0.965 0 0 0 0 0 0 0 0 0 0 0 0 0 0 0 0 0 0 0 0 0.965 0 0 0 0 
0 0 0.965 0 0 0 0 0 0 0 0 0 0 0 0 0 0 0 0 0 0 0 0 0.965 0 0 0 0 
0 0 0.965 0.353 0 0 0 0 0 0 0 0 0 0 0 0 0 0 0 0 0 0 0 0.965 0 0 0 0 
0 0 0.961 0.816 0 0 0 0 0 0 0 0 0 0 0 0 0 0 0 0 0 0 0 0.965 0 0 0 0 
0 0 0.965 0.443 0 0 0 0 0 0 0 0 0 0 0 0 0 0 0 0 0 0 0.965 0.965 0 0 0 0 
0 0 0.914 0.965 0.965 0.965 0.965 0.965 0.965 0.965 0.965 0.965 0.965 0.965 0.965 0.965 0.965 0.965 0.965 0.965 0.965 0.965 0.965 0 0 0 0 0 
0 0 0 0 0 0 0 0 0 0 0 0 0 0 0 0 0 0 0 0 0 0 0 0 0 0 0 0 
0 0 0 0 0 0 0 0 0 0 0 0 0 0 0 0 0 0 0 0 0 0 0 0 0 0 0 0 
0 0 0 0 0 0 0 0 0 0 0 0 0 0 0 0 0 0 0 0 0 0 0 0 0 0 0 0 
S
0 0 0 0 0 0 0 0 0 0 0 0 0 0 0 0 0 0 0 0 0 0 0 0 0 0 0 0 
0 0 0.353 0.784 0.796 0.835 0.882 0.961 0.961 0.965 0.965 0.965 0.965 0.965 0.965 0.965 0.965 0.965 0.953 0.329 0 0 0 0 0 0 0 0 
0 0.965 0.965 0.965 0.957 0.961 0.953 0.949 0.737 0.459 0.443 0.447 0.431 0.388 0.306 0.133 0.247 0.506 0.878 0.965 0.965 0.965 0 0 0 0 0 0 
0 0.965 0 0 0 0 0 0 0 0 0 0 0 0 0 0 0 0 0 0 0.00784 0.965 0 0 0 0 0 0 
0 0.965 0 0 0 0 0 0 0 0 0 0 0 0 0 0 0 0 0 0 0 0.965 0 0 0 0 0 0 
0.69 0.965 0 0 0 0 0 0 0 0 0 0 0 0 0 0 0 0 0 0 0 0.965 0 0 0 0 0 0 
0.945 0.949 0 0 0 0 0 0 0 0 0 0 0 0 0 0 0 0 0 0 0 0.965 0 0 0 0 0 0 
0.961 0.886 0 0 0 0 0 0 0 0 0 0 0 0 0 0 0 0 0 0 0 0.957 0.878 0 0 0 0 0 
0.957 0.824 0 0 0 0 0 0 0 0 0 0 0 0 0 0 0 0 0 0 0 0.278 0.965 0 0 0 0 0 
0.965 0.804 0 0 0 0 0 0 0 0 0 0 0 0 0 0 0 0 0 0 0 0 0.965 0 0 0 0 0 
0.961 0.792 0 0 0 0 0 0 0 0 0 0 0 0 0 0 0 0 0 0 0 0 0.965 0 0 0 0 0 
0.953 0.835 0 0 0 0 0 0 0 0 0 0 0 0 0 0 0 0 0 0 0 0 0.965 0 0 0 0 0 
0.671 0.965 0 0 0 0 0 0 0 0 0 0 0 0 0 0 0 0 0 0 0 0 0.965 0 0 0 0 0 
0 0.965 0 0 0 0 0 0 0 0 0 0 0 0 0 0 0 0 0 0 0 0 0.965 0 0 0 0 0 
0 0.965 0 0 0 0 0 0 0 0 0 0 0 0 0 0 0 0 0 0 0 0 0.965 0 0 0 0 0 
0 0.965 0 0 0 0 0 0 0 0 0 0 0 0 0 0 0 0 0 0 0 0 0.965 0 0 0 0 0 
0 0.965 0 0 0 0 0 0 0 0 0 0 0 0 0 0 0 0 0 0 0 0 0.965 0 0 0 0 0 
0 0.965 0 0 0 0 0 0 0 0 0 0 0 0 0 0 0 0 0 0 0 0 0.965 0 0 0 0 0 
0 0.965 0.788 0 0 0 0 0 0 0 0 0 0 0 0 0 0 0 0 0 0 0 0.965 0 0 0 0 0 
0 0 0.965 0 0 0 0 0 0 0 0 0 0 0 0 0 0 0 0 0 0 0 0.965 0 0 0 0 0 
0 0 0.965 0 0 0 0 0 0 0 0 0 0 0 0 0 0 0 0 0 0 0 0.965 0 0 0 0 0 
0 0 0.965 0 0 0 0 0 0 0 0 0 0 0 0 0 0 0 0 0 0 0 0.965 0 0 0 0 0 
0 0 0.965 0 0 0 0 0 0 0 0 0 0 0 0 0 0 0 0 0 0 0 0.965 0 0 0 0 0 
0 0 0.965 0.741 0 0 0 0 0 0 0 0 0 0 0 0 0 0 0 0 0 0 0.965 0 0 0 0 0 
0 0 0.937 0.937 0 0 0 0 0 0 0 0 0 0 0 0 0 0 0 0 0 0 0.965 0 0 0 0 0 
0 0 0.345 0.965 0.373 0.384 0.384 0.396 0.392 0.392 0.392 0.392 0.392 0.388 0.388 0.494 0.682 0.894 0.965 0.965 0.965 0.965 0.965 0 0 0 0 0 
0 0 0 0.965 0.965 0.965 0.965 0.965 0.965 0.965 0.965 0.965 0.965 0.965 0.965 0.965 0.965 0.953 0.506 0 0 0 0 0 0 0 0 0 
0 0 0 0 0 0 0 0 0 0 0 0 0 0 0 0 0 0 0 0 0 0 0 0 0 0 0 0 
T
0 0 0 0 0 0 0 0 0 0 0 0 0 0 0 0 0 0 0 0 0 0 0 0 0 0 0 0 
0 0 0 0 0 0 0 0 0 0 0 0 0 0 0 0 0 0 0 0 0 0 0 0 0 0 0 0 
0 0 0 0 0 0 0 0 0 0 0 0 0 0 0 0 0 0 0 0 0 0 0 0 0 0 0 0 
0 0 0 0 0 0 0 0 0 0 0.965 0.965 0.941 0 0 0 0 0 0 0 0 0 0 0 0 0 0 0 
0 0 0 0 0 0 0 0 0 0.965 0.427 0 0.965 0.965 0.573 0 0 0 0 0 0 0 0 0 0 0 0 0 
0 0 0 0 0 0 0 0 0 0.965 0 0 0 0 0.965 0.965 0 0 0 0 0 0 0 0 0 0 0 0 
0 0 0 0 0 0 0 0 0.965 0.22 0 0 0 0 0 0.965 0.965 0 0 0 0 0 0 0 0 0 0 0 
0 0 0 0 0 0 0 0 0.965 0 0 0 0 0 0 0 0.965 0.549 0 0 0 0 0 0 0 0 0 0 
0 0 0 0 0 0 0 0.945 0.961 0 0 0 0 0 0 0 0 0.965 0 0 0 0 0 0 0 0 0 0 
0 0 0 0 0 0 0 0.965 0 0 0 0 0 0 0 0 0 0.306 0.965 0 0 0 0 0 0 0 0 0 
0 0 0 0 0 0 0 0.965 0 0 0 0 0 0 0 0 0 0 0.965 0 0 0 0 0 0 0 0 0 
0 0 0 0 0 0 0.961 0.965 0 0 0 0 0 0 0 0 0 0 0.0157 0.965 0 0 0 0 0 0 0 0 
0 0 0 0 0 0 0.965 0.494 0 0 0 0 0 0 0 0 0 0 0 0.965 0.0157 0 0 0 0 0 0 0 
0 0 0 0 0 0 0.965 0 0 0 0 0 0 0 0 0 0 0 0 0 0.965 0 0 0 0 0 0 0 
0 0 0 0 0 0 0.965 0 0 0 0 0 0 0 0 0 0 0 0 0 0.965 0.953 0 0 0 0 0 0 
0 0 0 0 0 0 0.965 0 0 0 0 0 0 0 0 0 0 0 0 0 0 0.965 0 0 0 0 0 0 
0 0 0 0 0 0.965 0.847 0 0 0 0 0 0 0 0 0 0 0 0 0 0 0.965 0.584 0 0 0 0 0 
0 0 0 0 0 0.965 0 0 0 0 0 0 0 0 0 0 0 0 0 0 0 0 0.965 0 0 0 0 0 
0 0 0 0 0 0.965 0 0 0 0 0 0 0 0 0 0 0 0 0 0 0 0 0.965 0 0 0 0 0 
0 0 0 0 0.965 0.176 0 0 0 0 0 0 0 0 0 0 0 0 0 0 0 0 0.176 0.965 0 0 0 0 
0 0 0 0 0.965 0 0 0 0 0 0 0 0 0 0 0 0 0 0 0 0 0 0 0.965 0 0 0 0 
0 0 0 0.965 0.643 0 0 0 0 0 0 0 0 0 0 0 0 0 0 0 0 0 0 0.878 0.965 0 0 0 
0 0 0 0.965 0 0 0 0 0 0 0 0 0 0 0 0 0 0 0 0 0 0 0 0 0.965 0.216 0 0 
0 0 0.965 0.843 0 0 0 0 0 0 0 0 0 0 0 0 0 0.329 0.506 0.545 0.604 0.714 0.918 0.965 0.965 0.965 0 0 
0 0 0.965 0 0 0 0 0 0 0 0.965 0.965 0.965 0.965 0.965 0.965 0.965 0.965 0.965 0.965 0.965 0.965 0.961 0.525 0 0 0 0 
0 0 0.965 0.965 0.965 0.965 0.965 0.965 0.965 0.965 0.812 0 0 0 0 0 0 0 0 0 0 0 0 0 0 0 0 0 
0 0 0 0 0 0 0 0 0 0 0 0 0 0 0 0 0 0 0 0 0 0 0 0 0 0 0 0 
0 0 0 0 0 0 0 0 0 0 0 0 0 0 0 0 0 0 0 0 0 0 0 0 0 0 0 0 
C
0 0 0 0 0 0 0 0 0 0 0 0 0 0 0 0 0 0 0 0 0 0 0 0 0 0 0 0 
0 0 0 0 0 0 0 0 0 0 0 0 0 0 0 0 0 0 0 0 0 0 0 0 0 0 0 0 
0 0 0 0 0 0 0 0 0 0 0 0 0 0 0 0 0 0 0 0 0 0 0 0 0 0 0 0 
0 0 0 0 0 0 0 0 0 0 0 0 0 0 0 0 0 0 0 0 0 0 0 0 0 0 0 0 
0 0 0 0 0 0 0 0 0 0.965 0.965 0.965 0.965 0.965 0.965 0.965 0.957 0 0 0 0 0 0 0 0 0 0 0 
0 0 0 0 0 0 0 0.965 0.965 0.965 0.18 0 0 0 0 0 0.894 0.965 0.965 0.957 0 0 0 0 0 0 0 0 
0 0 0 0 0 0.937 0.965 0.643 0 0 0 0 0 0 0 0 0 0 0 0.965 0.965 0.235 0 0 0 0 0 0 
0 0 0 0 0.349 0.965 0 0 0 0 0 0 0 0 0 0 0 0 0 0 0.0784 0.965 0.475 0 0 0 0 0 
0 0 0 0 0.965 0 0 0 0 0 0 0 0 0 0 0 0 0 0 0 0 0 0.965 0.00392 0 0 0 0 
0 0 0 0.467 0.965 0 0 0 0 0 0 0 0 0 0 0 0 0 0 0 0 0 0 0.965 0 0 0 0 
0 0 0 0.965 0 0 0 0 0 0 0 0 0 0 0 0 0 0 0 0 0 0 0 0.91 0.965 0 0 0 
0 0 0 0.965 0 0 0 0 0 0 0 0 0 0 0 0 0 0 0 0 0 0 0 0 0.965 0 0 0 
0 0 0 0.965 0 0 0 0 0 0 0 0 0 0 0 0 0 0 0 0 0 0 0 0 0.965 0.957 0 0 
0 0 0 0.965 0 0 0 0 0 0 0 0 0 0 0 0 0 0 0 0 0 0 0 0 0 0.965 0 0 
0 0 0 0.494 0.965 0 0 0 0 0 0 0 0 0 0 0 0 0 0 0 0 0 0 0 0 0.965 0 0 
0 0 0 0 0.965 0 0 0 0 0 0 0 0 0 0 0 0 0 0 0 0 0 0 0 0 0.965 0 0 
0 0 0 0 0 0.965 0 0 0 0 0 0 0 0 0 0 0 0 0 0 0 0 0 0 0 0.965 0 0 
0 0 0 0 0 0.592 0.965 0 0 0 0 0 0 0 0 0 0 0 0 0 0 0 0 0 0 0.965 0 0 
0 0 0 0 0 0 0.965 0.965 0 0 0 0 0 0 0 0 0 0 0 0 0 0 0 0 0 0.965 0 0 
0 0 0 0 0 0 0 0.965 0.965 0 0 0 0 0 0 0 0 0 0 0 0 0 0 0 0.965 0.965 0 0 
0 0 0 0 0 0 0 0 0.965 0.965 0 0 0 0 0 0 0 0 0 0 0 0 0 0.965 0.965 0 0 0 
0 0 0 0 0 0 0 0 0 0.965 0.965 0.965 0 0 0 0 0 0 0 0 0.965 0.965 0.965 0.878 0 0 0 0 
0 0 0 0 0 0 0 0 0 0 0 0.78 0.965 0.965 0.965 0.965 0.965 0.965 0.965 0.965 0.863 0 0 0 0 0 0 0 
0 0 0 0 0 0 0 0 0 0 0 0 0 0 0 0 0 0 0 0 0 0 0 0 0 0 0 0 
0 0 0 0 0 0 0 0 0 0 0 0 0 0 0 0 0 0 0 0 0 0 0 0 0 0 0 0 
0 0 0 0 0 0 0 0 0 0 0 0 0 0 0 0 0 0 0 0 0 0 0 0 0 0 0 0 
0 0 0 0 0 0 0 0 0 0 0 0 0 0 0 0 0 0 0 0 0 0 0 0 0 0 0 0 
0 0 0 0 0 0 0 0 0 0 0 0 0 0 0 0 0 0 0 0 0 0 0 0 0 0 0 0 
C
0 0 0 0 0 0 0 0 0 0 0 0 0 0 0 0 0 0 0 0 0 0 0 0 0 0 0 0 
0 0 0 0 0 0 0 0 0 0 0 0 0 0 0 0 0 0 0 0 0 0 0 0 0 0 0 0 
0 0 0 0 0 0 0 0 0 0 0 0 0 0 0 0 0 0 0 0 0 0 0 0 0 0 0 0 
0 0 0 0 0 0 0 0 0 0 0.965 0.965 0.965 0.965 0 0 0 0 0 0 0 0 0 0 0 0 0 0 
0 0 0 0 0 0 0 0 0.506 0.965 0.757 0.965 0.965 0.965 0.965 0.965 0.965 0.965 0.965 0 0 0 0 0 0 0 0 0 
0 0 0 0 0 0 0 0.647 0.965 0 0 0 0 0 0 0 0 0 0.467 0.965 0.965 0.965 0 0 0 0 0 0 
0 0 0 0 0 0 0 0.965 0 0 0 0 0 0 0 0 0 0 0 0 0 0.965 0.965 0.275 0 0 0 0 
0 0 0 0 0 0 0.965 0.929 0 0 0 0 0 0 0 0 0 0 0 0 0 0 0 0.965 0.0627 0 0 0 
0 0 0 0 0 0 0.965 0 0 0 0 0 0 0 0 0 0 0 0 0 0 0 0 0 0.965 0 0 0 
0 0 0 0 0 0 0.965 0 0 0 0 0 0 0 0 0 0 0 0 0 0 0 0 0 0.965 0.941 0 0 
0 0 0 0 0 0 0.965 0 0 0 0 0 0 0 0 0 0 0 0 0 0 0 0 0 0 0.965 0 0 
0 0 0 0 0 0 0.965 0 0 0 0 0 0 0 0 0 0 0 0 0 0 0 0 0 0 0.965 0 0 
0 0 0 0 0 0 0.965 0 0 0 0 0 0 0 0 0 0 0 0 0 0 0 0 0 0 0.965 0 0 
0 0 0 0 0 0 0.965 0 0 0 0 0 0 0 0 0 0 0 0 0 0 0 0 0 0 0.965 0.561 0 
0 0 0 0 0 0 0.965 0 0 0 0 0 0 0 0 0 0 0 0 0 0 0 0 0 0 0.965 0.388 0 
0 0 0 0 0 0 0.965 0 0 0 0 0 0 0 0 0 0 0 0 0 0 0 0 0 0 0.965 0 0 
0 0 0 0 0 0 0.965 0.0275 0 0 0 0 0 0 0 0 0 0 0 0 0 0 0 0 0 0.965 0 0 
0 0 0 0 0 0 0.922 0.965 0 0 0 0 0 0 0 0 0 0 0 0 0 0 0 0 0 0.965 0 0 
0 0 0 0 0 0 0 0.965 0 0 0 0 0 0 0 0 0 0 0 0 0 0 0 0 0.965 0.051 0 0 
0 0 0 0 0 0 0 0.941 0.965 0 0 0 0 0 0 0 0 0 0 0 0 0 0 0.8 0.965 0 0 0 
0 0 0 0 0 0 0 0 0.965 0 0 0 0 0 0 0 0 0 0 0 0 0 0.106 0.965 0 0 0 0 
0 0 0 0 0 0 0 0 0 0.965 0 0 0 0 0 0 0 0 0 0 0 0 0.965 0 0 0 0 0 
0 0 0 0 0 0 0 0 0 0.91 0.965 0 0 0 0 0 0 0 0 0 0.965 0.965 0 0 0 0 0 0 
0 0 0 0 0 0 0 0 0 0 0 0.965 0.965 0.965 0.965 0.965 0.965 0.965 0.965 0.965 0.965 0 0 0 0 0 0 0 
0 0 0 0 0 0 0 0 0 0 0 0 0 0 0.0902 0.518 0.647 0.161 0 0 0 0 0 0 0 0 0 0 
0 0 0 0 0 0 0 0 0 0 0 0 0 0 0 0 0 0 0 0 0 0 0 0 0 0 0 0 
0 0 0 0 0 0 0 0 0 0 0 0 0 0 0 0 0 0 0 0 0 0 0 0 0 0 0 0 
0 0 0 0 0 0 0 0 0 0 0 0 0 0 0 0 0 0 0 0 0 0 0 0 0 0 0 0 
C
0 0 0 0 0 0 0 0 0 0 0 0 0 0 0 0 0 0 0 0 0 0 0 0 0 0 0 0 
0 0 0 0 0 0 0 0 0 0 0 0 0 0 0 0 0 0 0 0 0 0 0 0 0 0 0 0 
0 0 0 0 0 0 0 0 0 0 0 0 0 0 0 0 0 0 0 0 0 0 0 0 0 0 0 0 
0 0 0 0 0 0 0 0 0 0 0 0 0 0 0 0 0 0 0 0 0 0 0 0 0 0 0 0 
0 0 0 0 0 0 0 0 0 0 0 0 0 0 0 0 0 0 0 0 0 0 0 0 0 0 0 0 
0 0 0 0 0 0 0 0 0 0.965 0.965 0.965 0.965 0.965 0.965 0.965 0.965 0.965 0.965 0.965 0 0 0 0 0 0 0 0 
0 0 0 0 0 0 0 0.965 0.965 0.792 0 0 0 0 0 0 0 0 0 0.875 0.965 0.682 0 0 0 0 0 0 
0 0 0 0 0 0 0.965 0.965 0 0 0 0 0 0 0 0 0 0 0 0 0 0.965 0 0 0 0 0 0 
0 0 0 0 0 0 0.965 0.847 0 0 0 0 0 0 0 0 0 0 0 0 0 0 0.965 0 0 0 0 0 
0 0 0 0 0 0.965 0.965 0 0 0 0 0 0 0 0 0 0 0 0 0 0 0 0.965 0 0 0 0 0 
0 0 0 0 0 0.965 0 0 0 0 0 0 0 0 0 0 0 0 0 0 0 0 0.965 0.478 0 0 0 0 
0 0 0 0 0.965 0.537 0 0 0 0 0 0 0 0 0 0 0 0 0 0 0 0 0.161 0.965 0 0 0 0 
0 0 0 0 0.965 0 0 0 0 0 0 0 0 0 0 0 0 0 0 0 0 0 0 0.965 0 0 0 0 
0 0 0 0 0.965 0 0 0 0 0 0 0 0 0 0 0 0 0 0 0 0 0 0 0.965 0 0 0 0 
0 0 0 0 0.965 0 0 0 0 0 0 0 0 0 0 0 0 0 0 0 0 0 0 0.965 0 0 0 0 
0 0 0 0 0.965 0 0 0 0 0 0 0 0 0 0 0 0 0 0 0 0 0 0 0.965 0 0 0 0 
0 0 0 0 0.965 0 0 0 0 0 0 0 0 0 0 0 0 0 0 0 0 0 0 0.965 0 0 0 0 
0 0 0 0 0.965 0 0 0 0 0 0 0 0 0 0 0 0 0 0 0 0 0 0 0.965 0 0 0 0 
0 0 0 0 0.467 0.965 0 0 0 0 0 0 0 0 0 0 0 0 0 0 0 0 0 0.965 0 0 0 0 
0 0 0 0 0 0.965 0 0 0 0 0 0 0 0 0 0 0 0 0 0 0 0 0.0353 0.965 0 0 0 0 
0 0 0 0 0 0.965 0.965 0 0 0 0 0 0 0 0 0 0 0 0 0 0 0 0.965 0.122 0 0 0 0 
0 0 0 0 0 0 0.965 0 0 0 0 0 0 0 0 0 0 0 0 0 0 0 0.965 0 0 0 0 0 
0 0 0 0 0 0 0.102 0.965 0 0 0 0 0 0 0 0 0 0 0 0 0 0.965 0.416 0 0 0 0 0 
0 0 0 0 0 0 0 0.114 0.965 0 0 0 0 0 0 0 0 0 0 0 0.965 0.965 0 0 0 0 0 0 
0 0 0 0 0 0 0 0 0 0.965 0.965 0 0 0 0 0 0 0 0.31 0.965 0.42 0 0 0 0 0 0 0 
0 0 0 0 0 0 0 0 0 0 0.957 0.965 0.965 0.953 0.796 0.929 0.965 0.965 0.965 0 0 0 0 0 0 0 0 0 
0 0 0 0 0 0 0 0 0 0 0 0 0 0.737 0.937 0.871 0.106 0 0 0 0 0 0 0 0 0 0 0 
0 0 0 0 0 0 0 0 0 0 0 0 0 0 0 0 0 0 0 0 0 0 0 0 0 0 0 0 
S
0 0 0 0 0 0 0 0 0 0 0 0 0 0 0 0 0 0 0 0 0 0 0 0 0 0 0 0 
0 0 0 0 0 0 0 0 0 0 0 0 0 0 0 0 0 0 0 0 0 0 0 0 0 0 0 0 
0 0 0 0 0 0 0 0 0 0 0 0 0 0 0 0 0 0 0 0 0.537 0.957 0.965 0.965 0 0 0 0 
0 0 0 0 0 0 0.965 0.965 0.965 0.965 0.965 0.965 0.965 0.965 0.965 0.965 0.965 0.965 0.965 0.965 0.957 0.82 0 0.965 0.0275 0 0 0 
0 0 0 0 0 0 0.965 0 0 0 0 0 0 0 0 0 0 0 0 0 0 0 0 0.965 0 0 0 0 
0 0 0 0 0 0 0.965 0 0 0 0 0 0 0 0 0 0 0 0 0 0 0 0 0.965 0 0 0 0 
0 0 0 0 0 0.051 0.965 0 0 0 0 0 0 0 0 0 0 0 0 0 0 0 0 0.965 0 0 0 0 
0 0 0 0 0 0.91 0.929 0 0 0 0 0 0 0 0 0 0 0 0 0 0 0 0 0.965 0 0 0 0 
0 0 0 0 0 0.965 0.0667 0 0 0 0 0 0 0 0 0 0 0 0 0 0 0 0 0.965 0 0 0 0 
0 0 0 0 0 0.965 0 0 0 0 0 0 0 0 0 0 0 0 0 0 0 0 0 0.965 0 0 0 0 
0 0 0 0 0 0.965 0 0 0 0 0 0 0 0 0 0 0 0 0 0 0 0 0 0.965 0 0 0 0 
0 0 0 0 0 0.965 0 0 0 0 0 0 0 0 0 0 0 0 0 0 0 0 0 0.965 0 0 0 0 
0 0 0 0 0 0.965 0 0 0 0 0 0 0 0 0 0 0 0 0 0 0 0 0 0.965 0 0 0 0 
0 0 0 0 0 0.965 0 0 0 0 0 0 0 0 0 0 0 0 0 0 0 0 0 0.965 0 0 0 0 
0 0 0 0 0 0.965 0 0 0 0 0 0 0 0 0 0 0 0 0 0 0 0 0 0.965 0 0 0 0 
0 0 0 0 0 0.965 0 0 0 0 0 0 0 0 0 0 0 0 0 0 0 0 0 0.965 0 0 0 0 
0 0 0 0 0 0.965 0 0 0 0 0 0 0 0 0 0 0 0 0 0 0 0 0 0.965 0 0 0 0 
0 0 0 0 0 0.965 0 0 0 0 0 0 0 0 0 0 0 0 0 0 0 0 0 0.965 0 0 0 0 
0 0 0 0 0 0.965 0 0 0 0 0 0 0 0 0 0 0 0 0 0 0 0 0 0.965 0 0 0 0 
0 0 0 0 0 0.965 0 0 0 0 0 0 0 0 0 0 0 0 0 0 0 0 0 0.965 0 0 0 0 
0 0 0 0 0.329 0.965 0 0 0 0 0 0 0 0 0 0 0 0 0 0 0 0 0 0.965 0 0 0 0 
0 0 0 0 0.965 0.557 0 0 0 0 0 0 0 0 0 0 0 0 0 0 0 0 0 0.965 0 0 0 0 
0 0 0 0 0.965 0 0 0 0 0 0 0 0 0 0 0 0 0 0 0 0 0 0 0.965 0 0 0 0 
0 0 0 0.00784 0.965 0 0.663 0.953 0.965 0.965 0.965 0.965 0.965 0.965 0.965 0.965 0.965 0.965 0.965 0.965 0.965 0.965 0.965 0.965 0 0 0 0 
0 0 0 0.169 0.965 0.965 0.957 0.627 0 0 0 0 0 0 0 0 0 0 0 0 0 0 0 0 0 0 0 0 
0 0 0 0 0 0 0 0 0 0 0 0 0 0 0 0 0 0 0 0 0 0 0 0 0 0 0 0 
0 0 0 0 0 0 0 0 0 0 0 0 0 0 0 0 0 0 0 0 0 0 0 0 0 0 0 0 
0 0 0 0 0 0 0 0 0 0 0 0 0 0 0 0 0 0 0 0 0 0 0 0 0 0 0 0 
T
0 0 0 0 0 0 0 0 0 0 0 0 0 0 0 0 0 0 0 0 0 0 0 0 0 0 0 0 
0 0.878 0.475 0 0 0 0 0 0 0 0 0 0 0 0 0 0 0 0 0 0 0 0 0 0 0 0 0 
0 0.918 0.965 0.965 0 0 0 0 0 0 0 0 0 0 0 0 0 0 0 0 0 0 0 0 0 0 0 0 
0 0 0.965 0.965 0.965 0 0 0 0 0 0 0 0 0 0 0 0 0 0 0 0 0 0 0 0 0 0 0 
0 0 0.965 0 0.176 0.965 0.231 0 0 0 0 0 0 0 0 0 0 0 0 0 0 0 0 0 0 0 0 0 
0 0 0.965 0 0 0 0.965 0.965 0 0 0 0 0 0 0 0 0 0 0 0 0 0 0 0 0 0 0 0 
0 0 0.965 0 0 0 0 0.706 0.965 0.847 0 0 0 0 0 0 0 0 0 0 0 0 0 0 0 0 0 0 
0 0 0.965 0.176 0 0 0 0 0 0.965 0.965 0 0 0 0 0 0 0 0 0 0 0 0 0 0 0 0 0 
0 0 0.216 0.965 0 0 0 0 0 0 0.278 0.965 0.965 0 0 0 0 0 0 0 0 0 0 0 0 0 0 0 
0 0 0 0.965 0 0 0 0 0 0 0 0 0.965 0.965 0.227 0 0 0 0 0 0 0 0 0 0 0 0 0 
0 0 0 0.965 0 0 0 0 0 0 0 0 0 0 0.965 0.965 0 0 0 0 0 0 0 0 0 0 0 0 
0 0 0 0.965 0 0 0 0 0 0 0 0 0 0 0 0.839 0.965 0.553 0 0 0 0 0 0 0 0 0 0 
0 0 0 0.965 0 0 0 0 0 0 0 0 0 0 0 0 0 0.965 0.965 0 0 0 0 0 0 0 0 0 
0 0 0 0.965 0 0 0 0 0 0 0 0 0 0 0 0 0 0 0.592 0.965 0.675 0 0 0 0 0 0 0 
0 0 0 0.965 0 0 0 0 0 0 0 0 0 0 0 0 0 0 0 0 0.965 0.965 0 0 0 0 0 0 
0 0 0 0.965 0 0 0 0 0 0 0 0 0 0 0 0 0 0 0 0 0 0.176 0.965 0.965 0 0 0 0 
0 0 0 0.965 0 0 0 0 0 0 0 0 0 0 0 0 0 0 0 0 0 0 0 0.792 0.965 0.965 0.353 0 
0 0 0 0.965 0 0 0 0 0 0 0 0 0 0 0 0 0 0 0 0 0 0 0 0 0.965 0.965 0.965 0 
0 0 0 0.965 0 0 0 0 0 0 0 0 0 0 0 0 0 0 0 0 0 0 0.965 0.965 0.702 0 0 0 
0 0 0 0.965 0 0 0 0 0 0 0 0 0 0 0 0 0 0 0 0.922 0.965 0.965 0.0275 0 0 0 0 0 
0 0 0 0.965 0 0 0 0 0 0 0 0 0 0 0 0 0 0.937 0.965 0.965 0 0 0 0 0 0 0 0 
0 0 0 0.965 0 0 0 0 0 0 0 0 0 0 0 0.737 0.965 0.965 0 0 0 0 0 0 0 0 0 0 
0 0 0 0.965 0 0 0 0 0 0 0 0 0 0.557 0.965 0.965 0 0 0 0 0 0 0 0 0 0 0 0 
0 0 0 0.965 0.588 0 0 0 0 0 0 0.00784 0.965 0.965 0 0 0 0 0 0 0 0 0 0 0 0 0 0 
0 0 0 0.961 0.89 0 0 0 0 0 0.965 0.965 0 0 0 0 0 0 0 0 0 0 0 0 0 0 0 0 
0 0 0 0.824 0.957 0 0 0 0.949 0.965 0.89 0 0 0 0 0 0 0 0 0 0 0 0 0 0 0 0 0 
0 0 0 0.69 0.965 0 0.965 0.965 0.965 0 0 0 0 0 0 0 0 0 0 0 0 0 0 0 0 0 0 0 
0 0 0 0 0.965 0.965 0.949 0 0 0 0 0 0 0 0 0 0 0 0 0 0 0 0 0 0 0 0 0 
S
0 0 0 0 0 0 0 0 0 0 0 0 0 0 0 0 0 0 0 0 0 0 0 0 0 0 0 0 
0 0 0 0 0 0 0 0 0 0 0 0 0 0 0 0 0 0 0 0 0 0 0 0 0 0 0 0 
0 0 0 0 0 0 0 0 0 0 0 0 0 0 0 0 0 0 0 0 0 0 0 0 0 0 0 0 
0 0 0 0 0.965 0.965 0.965 0.965 0.965 0.965 0.965 0.965 0.965 0.965 0.965 0.965 0.965 0.965 0.965 0.965 0.965 0.965 0.965 0 0 0 0 0 
0 0 0 0 0.953 0.953 0 0 0 0 0 0 0 0 0 0 0 0 0 0 0 0 0.965 0 0 0 0 0 
0 0 0 0 0.953 0.953 0 0 0 0 0 0 0 0 0 0 0 0 0 0 0 0 0.965 0 0 0 0 0 
0 0 0 0 0.953 0.953 0 0 0 0 0 0 0 0 0 0 0 0 0 0 0 0 0.965 0 0 0 0 0 
0 0 0 0 0.922 0.922 0 0 0 0 0 0 0 0 0 0 0 0 0 0 0 0 0.965 0 0 0 0 0 
0 0 0 0 0.922 0.922 0 0 0 0 0 0 0 0 0 0 0 0 0 0 0 0 0.965 0 0 0 0 0 
0 0 0 0 0.922 0.922 0 0 0 0 0 0 0 0 0 0 0 0 0 0 0 0 0.965 0 0 0 0 0 
0 0 0 0 0.957 0.957 0 0 0 0 0 0 0 0 0 0 0 0 0 0 0 0 0.965 0 0 0 0 0 
0 0 0 0 0.937 0.937 0 0 0 0 0 0 0 0 0 0 0 0 0 0 0 0 0.965 0 0 0 0 0 
0 0 0 0 0.957 0.957 0 0 0 0 0 0 0 0 0 0 0 0 0 0 0 0 0.965 0 0 0 0 0 
0 0 0 0 0.945 0.945 0 0 0 0 0 0 0 0 0 0 0 0 0 0 0 0 0.965 0.608 0 0 0 0 
0 0 0 0 0.949 0.949 0 0 0 0 0 0 0 0 0 0 0 0 0 0 0 0 0.82 0.965 0 0 0 0 
0 0 0 0 0.957 0.957 0 0 0 0 0 0 0 0 0 0 0 0 0 0 0 0 0 0.965 0 0 0 0 
0 0 0 0 0.875 0.953 0 0 0 0 0 0 0 0 0 0 0 0 0 0 0 0 0 0.965 0 0 0 0 
0 0 0 0 0.204 0.965 0 0 0 0 0 0 0 0 0 0 0 0 0 0 0 0 0 0.965 0 0 0 0 
0 0 0 0 0 0.965 0 0 0 0 0 0 0 0 0 0 0 0 0 0 0 0 0 0.965 0 0 0 0 
0 0 0 0 0 0.965 0 0 0 0 0 0 0 0 0 0 0 0 0 0 0 0 0 0.965 0 0 0 0 
0 0 0 0 0 0.965 0 0 0 0 0 0 0 0 0 0 0 0 0 0 0 0 0 0.965 0 0 0 0 
0 0 0 0 0 0.965 0 0 0 0 0 0 0 0 0 0 0 0 0 0 0 0 0 0.965 0 0 0 0 
0 0 0 0 0 0.965 0 0 0 0 0 0 0 0 0 0 0 0 0 0 0 0 0 0.847 0.965 0 0 0 
0 0 0 0 0 0.965 0 0 0 0 0 0 0 0 0 0 0 0 0 0 0 0 0 0 0.965 0 0 0 
0 0 0 0 0 0.965 0.965 0.965 0.965 0.965 0.965 0.965 0.965 0.965 0.965 0.965 0.965 0.965 0.965 0.965 0.965 0.965 0.965 0.965 0.965 0 0 0 
0 0 0 0 0 0.965 0.592 0 0 0 0 0 0 0 0 0 0 0 0 0 0 0 0 0 0 0 0 0 
0 0 0 0 0 0 0 0 0 0 0 0 0 0 0 0 0 0 0 0 0 0 0 0 0 0 0 0 
0 0 0 0 0 0 0 0 0 0 0 0 0 0 0 0 0 0 0 0 0 0 0 0 0 0 0 0 
C
0 0 0 0 0 0 0 0 0 0 0 0 0 0 0 0 0 0 0 0 0 0 0 0 0 0 0 0 
0 0 0 0 0 0 0 0 0 0 0 0 0 0 0 0 0 0 0 0 0 0 0 0 0 0 0 0 
0 0 0 0 0 0 0 0 0 0 0 0 0 0 0 0 0 0 0 0 0 0 0 0 0 0 0 0 
0 0 0 0 0 0 0 0 0 0.965 0.965 0.965 0.965 0.965 0.965 0.965 0.965 0.965 0.965 0.965 0 0 0 0 0 0 0 0 
0 0 0 0 0 0 0.145 0.965 0.965 0.0118 0 0 0 0 0 0 0 0 0 0 0.965 0.965 0 0 0 0 0 0 
0 0 0 0 0 0.965 0.965 0 0 0 0 0 0 0 0 0 0 0 0 0 0 0.965 0.965 0 0 0 0 0 
0 0 0 0 0.882 0.965 0 0 0 0 0 0 0 0 0 0 0 0 0 0 0 0 0.965 0.608 0 0 0 0 
0 0 0 0 0.965 0 0 0 0 0 0 0 0 0 0 0 0 0 0 0 0 0 0 0.965 0 0 0 0 
0 0 0 0.965 0.871 0 0 0 0 0 0 0 0 0 0 0 0 0 0 0 0 0 0 0.965 0.635 0 0 0 
0 0 0 0.965 0 0 0 0 0 0 0 0 0 0 0 0 0 0 0 0 0 0 0 0 0.965 0 0 0 
0 0 0 0.965 0 0 0 0 0 0 0 0 0 0 0 0 0 0 0 0 0 0 0 0 0.965 0 0 0 
0 0 0.102 0.965 0 0 0 0 0 0 0 0 0 0 0 0 0 0 0 0 0 0 0 0 0.961 0.953 0 0 
0 0 0.961 0.663 0 0 0 0 0 0 0 0 0 0 0 0 0 0 0 0 0 0 0 0 0 0.965 0 0 
0 0 0.965 0.0118 0 0 0 0 0 0 0 0 0 0 0 0 0 0 0 0 0 0 0 0 0 0.965 0 0 
0 0 0.965 0 0 0 0 0 0 0 0 0 0 0 0 0 0 0 0 0 0 0 0 0 0 0.965 0 0 
0 0 0.965 0 0 0 0 0 0 0 0 0 0 0 0 0 0 0 0 0 0 0 0 0 0 0.965 0 0 
0 0 0.965 0 0 0 0 0 0 0 0 0 0 0 0 0 0 0 0 0 0 0 0 0 0 0.965 0 0 
0 0 0.965 0.816 0 0 0 0 0 0 0 0 0 0 0 0 0 0 0 0 0 0 0 0 0 0.965 0 0 
0 0 0 0.965 0 0 0 0 0 0 0 0 0 0 0 0 0 0 0 0 0 0 0 0 0 0.965 0 0 
0 0 0 0.965 0 0 0 0 0 0 0 0 0 0 0 0 0 0 0 0 0 0 0 0 0 0.965 0 0 
0 0 0 0.965 0.796 0 0 0 0 0 0 0 0 0 0 0 0 0 0 0 0 0 0 0 0.965 0.584 0 0 
0 0 0 0 0.965 0 0 0 0 0 0 0 0 0 0 0 0 0 0 0 0 0 0 0 0.965 0 0 0 
0 0 0 0 0.965 0.965 0 0 0 0 0 0 0 0 0 0 0 0 0 0 0 0 0 0.965 0.965 0 0 0 
0 0 0 0 0 0.965 0.965 0 0 0 0 0 0 0 0 0 0 0 0 0 0 0.0392 0.965 0.965 0 0 0 0 
0 0 0 0 0 0 0.608 0.965 0.965 0.263 0 0 0 0 0 0 0 0 0.0588 0.965 0.965 0.965 0.0471 0 0 0 0 0 
0 0 0 0 0 0 0 0 0 0.965 0.965 0.965 0.965 0.965 0.965 0.965 0.965 0.965 0.965 0.145 0 0 0 0 0 0 0 0 
0 0 0 0 0 0 0 0 0 0 0 0 0 0 0 0 0 0 0 0 0 0 0 0 0 0 0 0 
0 0 0 0 0 0 0 0 0 0 0 0 0 0 0 0 0 0 0 0 0 0 0 0 0 0 0 0 
S
0 0 0 0 0 0 0 0 0 0 0 0 0 0 0 0 0 0 0 0 0 0 0 0 0 0 0 0 
0 0 0 0 0 0 0 0 0 0 0 0 0 0 0 0 0 0 0 0 0 0 0 0 0 0 0 0 
0 0 0 0.859 0.965 0.965 0.965 0.933 0.165 0 0 0 0 0 0 0 0 0 0 0 0 0 0 0 0 0 0 0 
0 0 0 0.965 0.0824 0.251 0.525 0.91 0.965 0.965 0.965 0.965 0.965 0.965 0.965 0.965 0.965 0.965 0.965 0.965 0.965 0.965 0.965 0.965 0 0 0 0 
0 0 0 0.965 0 0 0 0 0 0 0 0 0 0 0 0 0 0 0 0 0 0 0 0.965 0 0 0 0 
0 0 0 0.965 0 0 0 0 0 0 0 0 0 0 0 0 0 0 0 0 0 0 0 0.965 0 0 0 0 
0 0 0 0.965 0 0 0 0 0 0 0 0 0 0 0 0 0 0 0 0 0 0 0 0.965 0 0 0 0 
0 0 0 0.965 0 0 0 0 0 0 0 0 0 0 0 0 0 0 0 0 0 0 0 0.965 0 0 0 0 
0 0 0 0.965 0 0 0 0 0 0 0 0 0 0 0 0 0 0 0 0 0 0 0 0.965 0 0 0 0 
0 0 0 0.965 0 0 0 0 0 0 0 0 0 0 0 0 0 0 0 0 0 0 0 0.965 0 0 0 0 
0 0 0 0.965 0 0 0 0 0 0 0 0 0 0 0 0 0 0 0 0 0 0 0 0.965 0 0 0 0 
0 0 0 0.965 0 0 0 0 0 0 0 0 0 0 0 0 0 0 0 0 0 0 0 0.965 0 0 0 0 
0 0 0 0.965 0 0 0 0 0 0 0 0 0 0 0 0 0 0 0 0 0 0 0 0.965 0 0 0 0 
0 0 0 0.965 0 0 0 0 0 0 0 0 0 0 0 0 0 0 0 0 0 0 0 0.965 0 0 0 0 
0 0 0 0.965 0 0 0 0 0 0 0 0 0 0 0 0 0 0 0 0 0 0 0 0.965 0 0 0 0 
0 0 0 0.965 0 0 0 0 0 0 0 0 0 0 0 0 0 0 0 0 0 0 0 0.965 0 0 0 0 
0 0 0 0.965 0 0 0 0 0 0 0 0 0 0 0 0 0 0 0 0 0 0 0 0.965 0 0 0 0 
0 0 0 0.965 0 0 0 0 0 0 0 0 0 0 0 0 0 0 0 0 0 0 0 0.965 0 0 0 0 
0 0 0 0.965 0 0 0 0 0 0 0 0 0 0 0 0 0 0 0 0 0 0 0 0.965 0.365 0 0 0 
0 0 0 0.965 0 0 0 0 0 0 0 0 0 0 0 0 0 0 0 0 0 0 0 0.749 0.953 0 0 0 
0 0 0 0.965 0 0 0 0 0 0 0 0 0 0 0 0 0 0 0 0 0 0 0 0.051 0.965 0 0 0 
0 0 0 0.965 0 0 0 0 0 0 0 0 0 0 0 0 0 0 0 0 0 0 0 0 0.965 0 0 0 
0 0 0 0.965 0 0 0 0 0 0 0 0 0 0 0 0 0 0 0 0 0 0 0 0 0.965 0 0 0 
0 0 0 0.965 0 0 0 0 0 0 0 0 0 0 0 0 0 0 0 0 0 0 0 0 0.965 0 0 0 
0 0 0 0.965 0.965 0.965 0.965 0.965 0.965 0.965 0.965 0.965 0.965 0.965 0.965 0.965 0.965 0.965 0.965 0.965 0.965 0.965 0.965 0.965 0.965 0 0 0 
0 0 0 0.0353 0 0 0 0 0 0 0 0 0 0 0.0353 0.235 0.325 0.361 0.376 0.384 0.384 0.376 0.376 0.376 0 0 0 0 
0 0 0 0 0 0 0 0 0 0 0 0 0 0 0 0 0 0 0 0 0 0 0 0 0 0 0 0 
0 0 0 0 0 0 0 0 0 0 0 0 0 0 0 0 0 0 0 0 0 0 0 0 0 0 0 0 
T
0 0 0 0 0 0 0 0 0 0 0 0 0 0 0 0 0 0 0 0 0 0 0 0 0 0 0 0 
0 0 0 0 0 0 0 0 0 0 0 0 0 0 0 0 0 0 0 0 0 0 0 0 0 0 0 0 
0 0 0 0 0 0 0 0 0 0 0.965 0 0 0 0 0 0 0 0 0 0 0 0 0 0 0 0 0 
0 0 0 0 0 0 0 0 0 0.0431 0.965 0.965 0 0 0 0 0 0 0 0 0 0 0 0 0 0 0 0 
0 0 0 0 0 0 0 0 0 0.169 0.965 0.965 0.961 0 0 0 0 0 0 0 0 0 0 0 0 0 0 0 
0 0 0 0 0 0 0 0 0 0.357 0.965 0 0.965 0.396 0 0 0 0 0 0 0 0 0 0 0 0 0 0 
0 0 0 0 0 0 0 0 0 0.663 0.965 0 0 0.965 0 0 0 0 0 0 0 0 0 0 0 0 0 0 
0 0 0 0 0 0 0 0 0 0.953 0.914 0 0 0.329 0.965 0 0 0 0 0 0 0 0 0 0 0 0 0 
0 0 0 0 0 0 0 0 0 0.965 0.0118 0 0 0 0.965 0.965 0 0 0 0 0 0 0 0 0 0 0 0 
0 0 0 0 0 0 0 0 0 0.965 0 0 0 0 0 0.965 0.965 0 0 0 0 0 0 0 0 0 0 0 
0 0 0 0 0 0 0 0 0 0.965 0 0 0 0 0 0 0.965 0.965 0 0 0 0 0 0 0 0 0 0 
0 0 0 0 0 0 0 0 0.208 0.965 0 0 0 0 0 0 0 0.965 0.965 0 0 0 0 0 0 0 0 0 
0 0 0 0 0 0 0 0 0.965 0.0588 0 0 0 0 0 0 0 0 0.965 0.965 0 0 0 0 0 0 0 0 
0 0 0 0 0 0 0 0 0.965 0 0 0 0 0 0 0 0 0 0 0.965 0.965 0 0 0 0 0 0 0 
0 0 0 0 0 0 0 0 0.965 0 0 0 0 0 0 0 0 0 0 0 0.953 0.965 0 0 0 0 0 0 
0 0 0 0 0 0 0 0.965 0.404 0 0 0 0 0 0 0 0 0 0 0 0 0 0.965 0.502 0 0 0 0 
0 0 0 0 0 0 0 0.965 0 0 0 0 0 0 0 0 0 0 0 0 0 0 0 0.965 0.965 0 0 0 
0 0 0 0 0 0 0.592 0.965 0 0 0 0 0 0 0 0 0 0 0 0 0 0 0 0 0.965 0.965 0 0 
0 0 0 0 0 0 0.965 0.145 0 0 0 0 0 0 0 0 0 0 0 0 0 0 0 0 0 0.965 0 0 
0 0 0 0 0 0 0.965 0 0 0 0 0 0 0 0 0 0 0 0 0 0 0 0 0.965 0.965 0.184 0 0 
0 0 0 0 0 0.965 0.376 0 0 0 0 0 0 0 0 0 0 0 0 0 0.69 0.965 0.965 0.89 0 0 0 0 
0 0 0 0 0 0.965 0 0 0 0 0 0 0 0 0 0 0 0.965 0.965 0.965 0.965 0.243 0 0 0 0 0 0 
0 0 0 0 0.933 0.949 0 0 0 0 0 0 0.875 0.965 0.965 0.965 0.965 0.784 0 0 0 0 0 0 0 0 0 0 
0 0 0 0 0.965 0 0.961 0.965 0.965 0.965 0.965 0.965 0.961 0.0353 0 0 0 0 0 0 0 0 0 0 0 0 0 0 
0 0 0 0.965 0.965 0.965 0.937 0 0 0 0 0 0 0 0 0 0 0 0 0 0 0 0 0 0 0 0 0 
0 0 0 0 0 0 0 0 0 0 0 0 0 0 0 0 0 0 0 0 0 0 0 0 0 0 0 0 
0 0 0 0 0 0 0 0 0 0 0 0 0 0 0 0 0 0 0 0 0 0 0 0 0 0 0 0 
0 0 0 0 0 0 0 0 0 0 0 0 0 0 0 0 0 0 0 0 0 0 0 0 0 0 0 0 
C
0 0 0 0 0 0 0 0 0 0 0 0 0 0 0 0 0 0 0 0 0 0 0 0 0 0 0 0 
0 0 0 0 0 0 0 0 0 0 0 0 0 0 0 0 0 0 0 0 0 0 0 0 0 0 0 0 
0 0 0 0 0 0 0 0 0 0 0 0 0 0 0 0 0 0 0 0 0 0 0 0 0 0 0 0 
0 0 0 0 0 0 0 0 0 0 0 0 0 0 0 0 0 0 0 0 0 0 0 0 0 0 0 0 
0 0 0 0 0 0 0 0.0863 0.965 0.965 0.965 0.965 0.965 0.965 0.965 0.965 0.937 0 0 0 0 0 0 0 0 0 0 0 
0 0 0 0 0 0 0.965 0.965 0 0 0 0 0 0 0.769 0 0.953 0.965 0.965 0 0 0 0 0 0 0 0 0 
0 0 0 0 0 0.965 0 0 0 0 0 0 0 0 0 0 0 0 0.435 0.965 0.882 0 0 0 0 0 0 0 
0 0 0 0 0.965 0.0549 0 0 0 0 0 0 0 0 0 0 0 0 0 0 0.965 0.965 0 0 0 0 0 0 
0 0 0 0 0.965 0 0 0 0 0 0 0 0 0 0 0 0 0 0 0 0 0.965 0.647 0 0 0 0 0 
0 0 0 0.965 0.424 0 0 0 0 0 0 0 0 0 0 0 0 0 0 0 0 0 0.965 0 0 0 0 0 
0 0 0 0.965 0 0 0 0 0 0 0 0 0 0 0 0 0 0 0 0 0 0 0.965 0.753 0 0 0 0 
0 0 0 0.965 0.263 0 0 0 0 0 0 0 0 0 0 0 0 0 0 0 0 0 0 0.965 0 0 0 0 
0 0 0 0.145 0.965 0 0 0 0 0 0 0 0 0 0 0 0 0 0 0 0 0 0 0.965 0 0 0 0 
0 0 0 0 0.965 0 0 0 0 0 0 0 0 0 0 0 0 0 0 0 0 0 0 0.965 0 0 0 0 
0 0 0 0 0.965 0.376 0 0 0 0 0 0 0 0 0 0 0 0 0 0 0 0 0 0.965 0 0 0 0 
0 0 0 0 0 0.965 0 0 0 0 0 0 0 0 0 0 0 0 0 0 0 0 0.753 0.965 0 0 0 0 
0 0 0 0 0 0.965 0.247 0 0 0 0 0 0 0 0 0 0 0 0 0 0 0 0.965 0 0 0 0 0 
0 0 0 0 0 0 0.965 0 0 0 0 0 0 0 0 0 0 0 0 0 0 0.251 0.965 0 0 0 0 0 
0 0 0 0 0 0 0.965 0.965 0 0 0 0 0 0 0 0 0 0 0 0 0 0.965 0 0 0 0 0 0 
0 0 0 0 0 0 0 0.965 0.251 0 0 0 0 0 0 0 0 0 0 0 0.965 0.906 0 0 0 0 0 0 
0 0 0 0 0 0 0 0 0.965 0.0431 0 0 0 0 0 0 0 0 0 0.965 0.6 0 0 0 0 0 0 0 
0 0 0 0 0 0 0 0 0.00392 0.965 0.843 0 0 0 0 0 0 0.0275 0.965 0.475 0 0 0 0 0 0 0 0 
0 0 0 0 0 0 0 0 0 0 0.965 0.965 0.965 0.965 0.965 0.965 0.965 0.965 0 0 0 0 0 0 0 0 0 0 
0 0 0 0 0 0 0 0 0 0 0 0 0 0 0.149 0 0 0 0 0 0 0 0 0 0 0 0 0 
0 0 0 0 0 0 0 0 0 0 0 0 0 0 0 0 0 0 0 0 0 0 0 0 0 0 0 0 
0 0 0 0 0 0 0 0 0 0 0 0 0 0 0 0 0 0 0 0 0 0 0 0 0 0 0 0 
0 0 0 0 0 0 0 0 0 0 0 0 0 0 0 0 0 0 0 0 0 0 0 0 0 0 0 0 
0 0 0 0 0 0 0 0 0 0 0 0 0 0 0 0 0 0 0 0 0 0 0 0 0 0 0 0 
T
0 0 0 0 0 0 0 0 0 0 0 0 0 0 0 0 0 0 0 0 0 0 0 0 0 0 0 0 
0 0 0 0 0 0 0 0 0 0 0 0 0 0 0 0 0 0 0 0 0 0 0 0 0 0 0 0 
0 0 0 0 0 0 0 0 0 0 0 0 0 0 0.537 0 0 0 0 0 0 0 0 0 0 0 0 0 
0 0 0 0 0 0 0 0 0 0 0 0 0 0 0.965 0.965 0 0 0 0 0 0 0 0 0 0 0 0 
0 0 0 0 0 0 0 0 0 0 0 0 0 0 0.965 0.965 0 0 0 0 0 0 0 0 0 0 0 0 
0 0 0 0 0 0 0 0 0 0 0 0 0 0.188 0.965 0.0627 0.965 0 0 0 0 0 0 0 0 0 0 0 
0 0 0 0 0 0 0 0 0 0 0 0 0 0.965 0 0 0.965 0 0 0 0 0 0 0 0 0 0 0 
0 0 0 0 0 0 0 0 0 0 0 0 0 0.965 0 0 0.961 0.965 0 0 0 0 0 0 0 0 0 0 
0 0 0 0 0 0 0 0 0 0 0 0 0.965 0 0 0 0 0.965 0 0 0 0 0 0 0 0 0 0 
0 0 0 0 0 0 0 0 0 0 0 0 0.965 0 0 0 0 0.871 0.965 0 0 0 0 0 0 0 0 0 
0 0 0 0 0 0 0 0 0 0 0 0.965 0 0 0 0 0 0 0.965 0 0 0 0 0 0 0 0 0 
0 0 0 0 0 0 0 0 0 0 0.098 0.965 0 0 0 0 0 0 0.447 0.965 0 0 0 0 0 0 0 0 
0 0 0 0 0 0 0 0 0 0 0.965 0 0 0 0 0 0 0 0 0.965 0.106 0 0 0 0 0 0 0 
0 0 0 0 0 0 0 0 0 0.937 0.965 0 0 0 0 0 0 0 0 0 0.965 0 0 0 0 0 0 0 
0 0 0 0 0 0 0 0 0 0.965 0 0 0 0 0 0 0 0 0 0 0.843 0.965 0 0 0 0 0 0 
0 0 0 0 0 0 0 0 0.965 0.2 0 0 0 0 0 0 0 0 0 0 0 0.965 0.941 0 0 0 0 0 
0 0 0 0 0 0 0 0.467 0.965 0 0 0 0 0 0 0 0 0 0 0 0 0 0.965 0 0 0 0 0 
0 0 0 0 0 0 0 0.965 0 0 0 0 0 0 0 0 0 0 0 0 0 0 0.184 0.965 0 0 0 0 
0 0 0 0 0 0 0.965 0.902 0 0 0 0 0 0 0 0 0 0 0 0 0 0 0 0.965 0.965 0 0 0 
0 0 0 0 0 0.475 0.965 0 0 0 0 0 0 0 0 0 0 0 0 0 0 0 0 0 0.965 0.757 0 0 
0 0 0 0 0 0.965 0 0 0 0 0 0 0 0 0 0 0 0 0 0 0 0 0 0 0 0.965 0 0 
0 0 0 0 0.965 0.867 0 0 0 0 0 0 0 0 0 0 0 0 0 0 0 0.941 0.965 0.965 0.965 0.965 0.271 0 
0 0 0 0.416 0.965 0.965 0.949 0.741 0 0 0 0.0706 0.631 0.953 0.965 0.965 0.965 0.965 0.965 0.965 0.965 0.843 0 0 0 0 0 0 
0 0 0 0.00784 0.549 0.702 0.886 0.961 0.965 0.965 0.965 0.965 0.965 0.882 0.349 0 0 0 0 0 0 0 0 0 0 0 0 0 
0 0 0 0 0 0 0 0 0 0 0 0 0 0 0 0 0 0 0 0 0 0 0 0 0 0 0 0 
0 0 0 0 0 0 0 0 0 0 0 0 0 0 0 0 0 0 0 0 0 0 0 0 0 0 0 0 
0 0 0 0 0 0 0 0 0 0 0 0 0 0 0 0 0 0 0 0 0 0 0 0 0 0 0 0 
0 0 0 0 0 0 0 0 0 0 0 0 0 0 0 0 0 0 0 0 0 0 0 0 0 0 0 0 
S
0 0 0 0 0 0 0 0 0 0 0 0 0 0 0 0 0 0 0 0 0 0 0 0 0 0 0 0 
0 0 0 0 0 0 0 0 0 0 0 0 0 0 0 0 0 0 0 0 0 0 0 0 0 0 0 0 
0 0 0 0 0 0 0 0 0 0 0 0 0 0 0 0 0 0 0 0 0 0 0 0 0 0 0 0 
0 0 0 0 0 0 0 0 0 0 0 0 0 0 0 0 0 0 0 0 0 0 0 0 0 0 0 0 
0 0 0 0 0 0 0 0 0 0 0 0 0 0 0 0.118 0.957 0.965 0.965 0.965 0.965 0.965 0.965 0.965 0.965 0.0275 0 0 
0 0 0 0 0.965 0.965 0.965 0.965 0.965 0.965 0.965 0.965 0.965 0.965 0.965 0.965 0.882 0.0784 0 0 0 0 0 0 0.855 0.965 0 0 
0 0 0 0 0.965 0 0 0 0 0 0 0 0 0 0 0 0 0 0 0 0 0 0 0 0 0.965 0 0 
0 0 0 0 0.965 0.0196 0 0 0 0 0 0 0 0 0 0 0 0 0 0 0 0 0 0 0 0.965 0 0 
0 0 0 0 0.965 0.0392 0 0 0 0 0 0 0 0 0 0 0 0 0 0 0 0 0 0 0 0.965 0 0 
0 0 0 0 0.965 0.0941 0 0 0 0 0 0 0 0 0 0 0 0 0 0 0 0 0 0 0 0.965 0 0 
0 0 0 0 0.965 0.196 0 0 0 0 0 0 0 0 0 0 0 0 0 0 0 0 0 0 0 0.965 0 0 
0 0 0 0 0.965 0.404 0 0 0 0 0 0 0 0 0 0 0 0 0 0 0 0 0 0 0 0.965 0 0 
0 0 0 0 0.961 0.733 0 0 0 0 0 0 0 0 0 0 0 0 0 0 0 0 0 0 0 0.965 0 0 
0 0 0 0 0.765 0.965 0 0 0 0 0 0 0 0 0 0 0 0 0 0 0 0 0 0 0 0.965 0 0 
0 0 0 0 0 0.965 0 0 0 0 0 0 0 0 0 0 0 0 0 0 0 0 0 0 0 0.965 0 0 
0 0 0 0 0 0.965 0 0 0 0 0 0 0 0 0 0 0 0 0 0 0 0 0 0 0 0.965 0 0 
0 0 0 0 0 0.965 0 0 0 0 0 0 0 0 0 0 0 0 0 0 0 0 0 0 0 0.965 0 0 
0 0 0 0 0 0.965 0 0 0 0 0 0 0 0 0 0 0 0 0 0 0 0 0 0 0 0.965 0 0 
0 0 0 0 0 0.965 0 0 0 0 0 0 0 0 0 0 0 0 0 0 0 0 0 0 0 0.965 0 0 
0 0 0 0 0 0.965 0.231 0 0 0 0 0 0 0 0 0 0 0 0 0 0 0 0 0 0 0.965 0 0 
0 0 0 0 0 0.965 0.694 0 0 0 0 0 0 0 0 0 0 0 0 0 0 0 0 0 0 0.965 0 0 
0 0 0 0 0 0.941 0.957 0 0 0 0 0 0 0 0 0 0 0 0 0 0 0 0 0 0 0.965 0 0 
0 0 0 0 0 0.824 0.957 0 0 0 0 0 0 0 0 0 0 0 0 0 0 0 0 0.157 0.89 0.965 0 0 
0 0 0 0 0 0.733 0.965 0 0 0 0 0 0 0 0 0 0 0 0 0.918 0.965 0.965 0.965 0.965 0.957 0.0863 0 0 
0 0 0 0 0 0.118 0.965 0 0 0 0.0588 0.937 0.965 0.965 0.965 0.965 0.965 0.965 0.965 0.961 0 0 0 0 0 0 0 0 
0 0 0 0 0 0 0.965 0.965 0.965 0.965 0.965 0.933 0.0549 0 0 0 0 0 0 0 0 0 0 0 0 0 0 0 
0 0 0 0 0 0 0 0 0 0 0 0 0 0 0 0 0 0 0 0 0 0 0 0 0 0 0 0 
0 0 0 0 0 0 0 0 0 0 0 0 0 0 0 0 0 0 0 0 0 0 0 0 0 0 0 0 
S
0 0 0 0 0 0 0 0 0 0 0.965 0.965 0.965 0.953 0.894 0.965 0.965 0.965 0.965 0.251 0 0 0 0 0 0 0 0 
0 0 0 0 0 0 0 0 0 0.965 0.0824 0 0 0 0 0 0 0 0 0.965 0.965 0.965 0 0 0 0 0 0 
0 0 0 0 0 0 0 0 0.949 0.965 0 0 0 0 0 0 0 0 0 0 0 0.259 0.965 0.965 0 0 0 0 
0 0 0 0 0 0 0 0 0.965 0 0 0 0 0 0 0 0 0 0 0 0 0 0 0.137 0.965 0.965 0 0 
0 0 0 0 0 0 0 0.961 0.941 0 0 0 0 0 0 0 0 0 0 0 0 0 0 0 0 0.965 0.965 0 
0 0 0 0 0 0 0 0.965 0 0 0 0 0 0 0 0 0 0 0 0 0 0 0 0 0 0 0.835 0.965 
0 0 0 0 0 0 0.894 0.965 0 0 0 0 0 0 0 0 0 0 0 0 0 0 0 0 0 0 0 0.965 
0 0 0 0 0 0 0.965 0.0157 0 0 0 0 0 0 0 0 0 0 0 0 0 0 0 0 0 0 0 0.38 
0 0 0 0 0 0 0.965 0 0 0 0 0 0 0 0 0 0 0 0 0 0 0 0 0 0 0 0 0.965 
0 0 0 0 0 0.886 0.925 0 0 0 0 0 0 0 0 0 0 0 0 0 0 0 0 0 0 0 0 0.965 
0 0 0 0 0 0.965 0 0 0 0 0 0 0 0 0 0 0 0 0 0 0 0 0 0 0 0 0 0.965 
0 0 0 0 0 0.965 0 0 0 0 0 0 0 0 0 0 0 0 0 0 0 0 0 0 0 0 0.945 0.906 
0 0 0 0 0.11 0.965 0 0 0 0 0 0 0 0 0 0 0 0 0 0 0 0 0 0 0 0 0.965 0 
0 0 0 0 0.965 0.106 0 0 0 0 0 0 0 0 0 0 0 0 0 0 0 0 0 0 0 0 0.965 0 
0 0 0 0 0.965 0 0 0 0 0 0 0 0 0 0 0 0 0 0 0 0 0 0 0 0 0.965 0.894 0 
0 0 0 0.114 0.965 0 0 0 0 0 0 0 0 0 0 0 0 0 0 0 0 0 0 0 0 0.965 0 0 
0 0 0 0.965 0.259 0 0 0 0 0 0 0 0 0 0 0 0 0 0 0 0 0 0 0 0.431 0.965 0 0 
0 0 0 0.965 0 0 0 0 0 0 0 0 0 0 0 0 0 0 0 0 0 0 0 0 0.965 0 0 0 
0 0 0.965 0.965 0 0 0 0 0 0 0 0 0 0 0 0 0 0 0 0 0 0 0 0.663 0.965 0 0 0 
0 0 0 0.965 0.965 0.965 0.965 0 0 0 0 0 0 0 0 0 0 0 0 0 0 0 0 0.965 0 0 0 0 
0 0 0 0 0 0 0.875 0.965 0.965 0.965 0.965 0.302 0 0 0 0 0 0 0 0 0 0 0 0.965 0 0 0 0 
0 0 0 0 0 0 0 0 0 0 0.961 0.965 0.965 0.965 0.965 0.965 0.0902 0 0 0 0 0 0.965 0.561 0 0 0 0 
0 0 0 0 0 0 0 0 0 0 0 0 0 0 0 0.345 0.965 0.965 0.965 0 0 0 0.965 0 0 0 0 0 
0 0 0 0 0 0 0 0 0 0 0 0 0 0 0 0 0 0 0.949 0.965 0.631 0.122 0.965 0 0 0 0 0 
0 0 0 0 0 0 0 0 0 0 0 0 0 0 0 0 0 0 0 0 0.965 0.965 0 0 0 0 0 0 
0 0 0 0 0 0 0 0 0 0 0 0 0 0 0 0 0 0 0 0 0 0 0 0 0 0 0 0 
0 0 0 0 0 0 0 0 0 0 0 0 0 0 0 0 0 0 0 0 0 0 0 0 0 0 0 0 
0 0 0 0 0 0 0 0 0 0 0 0 0 0 0 0 0 0 0 0 0 0 0 0 0 0 0 0 
T
0 0 0 0 0 0 0 0 0 0 0 0 0 0 0 0 0 0 0 0 0 0 0 0 0 0 0 0 
0 0 0 0 0 0 0 0 0 0 0 0 0 0 0 0 0 0 0 0 0 0 0 0 0 0 0 0 
0 0 0 0 0 0 0 0 0 0 0 0 0 0 0 0 0 0.965 0 0 0 0 0 0 0 0 0 0 
0 0 0 0 0 0 0 0 0 0 0 0 0 0 0 0 0.251 0.965 0.933 0 0 0 0 0 0 0 0 0 
0 0 0 0 0 0 0 0 0 0 0 0 0 0 0 0 0.965 0 0.965 0 0 0 0 0 0 0 0 0 
0 0 0 0 0 0 0 0 0 0 0 0 0 0 0 0.965 0.824 0 0.965 0 0 0 0 0 0 0 0 0 
0 0 0 0 0 0 0 0 0 0 0 0 0 0 0.882 0.965 0 0 0 0.965 0 0 0 0 0 0 0 0 
0 0 0 0 0 0 0 0 0 0 0 0 0 0 0.965 0 0 0 0 0.965 0 0 0 0 0 0 0 0 
0 0 0 0 0 0 0 0 0 0 0 0 0 0.965 0.184 0 0 0 0 0.525 0.965 0 0 0 0 0 0 0 
0 0 0 0 0 0 0 0 0 0 0 0 0.965 0.965 0 0 0 0 0 0 0.965 0 0 0 0 0 0 0 
0 0 0 0 0 0 0 0 0 0 0 0.153 0.965 0 0 0 0 0 0 0 0.769 0.965 0 0 0 0 0 0 
0 0 0 0 0 0 0 0 0 0 0 0.965 0 0 0 0 0 0 0 0 0 0.965 0 0 0 0 0 0 
0 0 0 0 0 0 0 0 0 0 0.965 0.227 0 0 0 0 0 0 0 0 0 0.82 0.965 0 0 0 0 0 
0 0 0 0 0 0 0 0 0 0.965 0.965 0 0 0 0 0 0 0 0 0 0 0 0.965 0 0 0 0 0 
0 0 0 0 0 0 0 0 0.965 0.965 0 0 0 0 0 0 0 0 0 0 0 0 0.965 0 0 0 0 0 
0 0 0 0 0 0 0 0.945 0.965 0 0 0 0 0 0 0 0 0 0 0 0 0 0.965 0.553 0 0 0 0 
0 0 0 0 0 0 0.898 0.965 0 0 0 0 0 0 0 0 0 0 0 0 0 0 0.0745 0.965 0 0 0 0 
0 0 0 0 0 0.0235 0.965 0 0 0 0 0 0 0 0 0 0 0 0 0 0 0 0 0.965 0 0 0 0 
0 0 0 0 0 0.965 0 0 0 0 0 0 0 0 0 0 0 0 0 0 0 0 0 0.965 0 0 0 0 
0 0 0 0 0.965 0.00392 0 0 0 0 0 0 0 0 0 0 0 0 0 0 0 0 0 0.961 0.914 0 0 0 
0 0 0 0 0.965 0.965 0.965 0.965 0.965 0.827 0 0 0 0 0 0 0 0 0 0 0 0 0 0 0.965 0 0 0 
0 0 0 0 0 0 0 0 0.29 0.965 0.965 0.965 0.965 0.365 0 0 0 0 0 0 0 0 0 0 0.965 0 0 0 
0 0 0 0 0 0 0 0 0 0 0 0 0.204 0.965 0.965 0.965 0.965 0 0 0 0 0 0 0 0.882 0.965 0 0 
0 0 0 0 0 0 0 0 0 0 0 0 0 0 0 0 0.835 0.965 0.965 0.965 0.965 0.965 0.965 0.965 0.965 0.965 0 0 
0 0 0 0 0 0 0 0 0 0 0 0 0 0 0 0 0 0 0 0 0 0 0 0 0 0 0 0 
0 0 0 0 0 0 0 0 0 0 0 0 0 0 0 0 0 0 0 0 0 0 0 0 0 0 0 0 
0 0 0 0 0 0 0 0 0 0 0 0 0 0 0 0 0 0 0 0 0 0 0 0 0 0 0 0 
0 0 0 0 0 0 0 0 0 0 0 0 0 0 0 0 0 0 0 0 0 0 0 0 0 0 0 0 
T
0 0 0 0 0 0 0 0 0 0 0 0 0 0 0 0 0 0 0 0 0 0 0 0 0 0 0 0 
0 0 0 0 0 0 0 0 0 0 0 0 0 0 0 0 0 0 0 0 0 0 0 0 0 0 0 0 
0 0 0 0 0 0 0 0 0 0 0 0 0 0 0 0 0 0 0 0 0 0 0 0 0 0 0 0 
0 0 0 0 0 0 0 0 0 0 0 0 0 0 0.965 0 0 0 0 0 0 0 0 0 0 0 0 0 
0 0 0 0 0 0 0 0 0 0 0 0 0 0.965 0.965 0 0 0 0 0 0 0 0 0 0 0 0 0 
0 0 0 0 0 0 0 0 0 0 0 0 0 0.965 0.965 0.965 0 0 0 0 0 0 0 0 0 0 0 0 
0 0 0 0 0 0 0 0 0 0 0 0 0 0.965 0.941 0.965 0 0 0 0 0 0 0 0 0 0 0 0 
0 0 0 0 0 0 0 0 0 0 0 0 0.643 0.965 0.141 0.965 0.0824 0 0 0 0 0 0 0 0 0 0 0 
0 0 0 0 0 0 0 0 0 0 0 0 0.965 0.965 0 0.965 0.965 0 0 0 0 0 0 0 0 0 0 0 
0 0 0 0 0 0 0 0 0 0 0 0 0.965 0.965 0 0 0.965 0 0 0 0 0 0 0 0 0 0 0 
0 0 0 0 0 0 0 0 0 0 0 0.965 0.937 0.965 0 0 0.965 0.498 0 0 0 0 0 0 0 0 0 0 
0 0 0 0 0 0 0 0 0 0 0 0.965 0.965 0 0 0 0.965 0.965 0 0 0 0 0 0 0 0 0 0 
0 0 0 0 0 0 0 0 0 0 0.965 0.953 0.965 0 0 0 0 0.965 0 0 0 0 0 0 0 0 0 0 
0 0 0 0 0 0 0 0 0 0 0.965 0.965 0 0 0 0 0 0.965 0.965 0 0 0 0 0 0 0 0 0 
0 0 0 0 0 0 0 0 0 0.965 0.965 0.6 0 0 0 0 0 0.145 0.965 0 0 0 0 0 0 0 0 0 
0 0 0 0 0 0 0 0 0.678 0.965 0.965 0 0 0 0 0 0 0 0.965 0.965 0 0 0 0 0 0 0 0 
0 0 0 0 0 0 0 0 0.965 0.965 0 0 0 0 0 0 0 0 0.122 0.965 0 0 0 0 0 0 0 0 
0 0 0 0 0 0 0 0.965 0.965 0.965 0 0 0 0 0 0 0 0 0 0.965 0.965 0 0 0 0 0 0 0 
0 0 0 0 0 0 0 0.965 0.965 0 0 0 0 0 0 0 0 0 0 0 0.965 0.792 0 0 0 0 0 0 
0 0 0 0 0 0 0.965 0.965 0 0 0 0 0 0 0 0 0 0 0 0 0.965 0.965 0 0 0 0 0 0 
0 0 0 0 0.322 0.965 0.965 0 0 0 0 0 0 0 0 0 0 0 0 0 0 0.965 0.965 0 0 0 0 0 
0 0 0 0.945 0.965 0.965 0 0 0 0 0 0 0 0 0 0 0 0 0 0 0 0.533 0.965 0 0 0 0 0 
0 0 0 0.965 0.965 0.965 0.965 0.965 0.965 0.965 0.965 0.965 0.965 0.965 0.965 0.965 0.965 0.965 0.129 0 0 0 0.965 0.965 0 0 0 0 
0 0 0 0 0 0 0 0 0 0 0 0.125 0.965 0.965 0.965 0.965 0.965 0.965 0.965 0.965 0.965 0.965 0.965 0.965 0.965 0 0 0 
0 0 0 0 0 0 0 0 0 0 0 0 0 0 0 0 0.278 0.965 0.965 0.965 0.965 0.965 0.965 0.965 0.965 0.91 0 0 
0 0 0 0 0 0 0 0 0 0 0 0 0 0 0 0 0 0 0 0 0 0 0 0 0 0 0 0 
0 0 0 0 0 0 0 0 0 0 0 0 0 0 0 0 0 0 0 0 0 0 0 0 0 0 0 0 
0 0 0 0 0 0 0 0 0 0 0 0 0 0 0 0 0 0 0 0 0 0 0 0 0 0 0 0 
S
0 0 0 0 0 0 0 0 0 0 0 0 0 0 0 0 0 0 0 0 0 0 0 0 0 0 0 0 
0 0 0 0 0 0 0 0 0 0 0 0 0 0 0 0 0 0 0 0 0 0 0 0 0 0 0 0 
0 0 0 0 0.824 0.965 0.965 0.965 0.965 0.965 0.965 0.965 0.965 0.878 0 0 0 0 0 0 0 0 0 0 0 0 0 0 
0 0 0 0 0.965 0 0 0 0 0 0 0 0.263 0.961 0.965 0.965 0.965 0.965 0.898 0 0 0 0 0 0 0 0 0 
0 0 0 0 0.965 0 0 0 0 0 0 0 0 0 0 0 0 0 0.961 0.965 0.965 0.965 0.965 0.153 0 0 0 0 
0 0 0 0 0.965 0 0 0 0 0 0 0 0 0 0 0 0 0 0 0 0 0 0.671 0.965 0.965 0 0 0 
0 0 0 0 0.965 0 0 0 0 0 0 0 0 0 0 0 0 0 0 0 0 0 0 0 0.965 0.259 0 0 
0 0 0 0 0.965 0 0 0 0 0 0 0 0 0 0 0 0 0 0 0 0 0 0 0 0.961 0.945 0 0 
0 0 0 0 0.965 0 0 0 0 0 0 0 0 0 0 0 0 0 0 0 0 0 0 0 0.42 0.965 0 0 
0 0 0 0 0.965 0 0 0 0 0 0 0 0 0 0 0 0 0 0 0 0 0 0 0 0 0.965 0 0 
0 0 0 0 0.965 0 0 0 0 0 0 0 0 0 0 0 0 0 0 0 0 0 0 0 0 0.965 0 0 
0 0 0 0 0.965 0 0 0 0 0 0 0 0 0 0 0 0 0 0 0 0 0 0 0 0 0.965 0 0 
0 0 0 0 0.965 0 0 0 0 0 0 0 0 0 0 0 0 0 0 0 0 0 0 0 0 0.965 0 0 
0 0 0 0 0.965 0 0 0 0 0 0 0 0 0 0 0 0 0 0 0 0 0 0 0 0 0.965 0 0 
0 0 0 0 0.965 0 0 0 0 0 0 0 0 0 0 0 0 0 0 0 0 0 0 0 0 0.965 0 0 
0 0 0 0.961 0.784 0 0 0 0 0 0 0 0 0 0 0 0 0 0 0 0 0 0 0 0 0.965 0 0 
0 0 0 0.965 0 0 0 0 0 0 0 0 0 0 0 0 0 0 0 0 0 0 0 0 0 0.965 0 0 
0 0 0 0.965 0 0 0 0 0 0 0 0 0 0 0 0 0 0 0 0 0 0 0 0 0 0.965 0 0 
0 0 0 0.965 0 0 0 0 0 0 0 0 0 0 0 0 0 0 0 0 0 0 0 0 0 0.965 0 0 
0 0 0 0.965 0 0 0 0 0 0 0 0 0 0 0 0 0 0 0 0 0 0 0 0 0 0.965 0 0 
0 0 0 0.965 0 0 0 0 0 0 0 0 0 0 0 0 0 0 0 0 0 0 0 0 0 0.965 0 0 
0 0 0 0.965 0 0 0 0 0 0 0 0 0 0 0 0 0 0 0 0 0 0 0 0 0 0.965 0 0 
0 0 0 0.965 0.965 0.965 0.965 0.961 0.643 0.0392 0 0 0 0 0 0 0 0 0 0 0 0 0 0 0.0549 0.965 0 0 
0 0 0 0 0 0 0.0157 0.663 0.957 0.965 0.965 0.965 0.965 0.965 0.965 0.965 0.965 0.965 0.965 0.965 0.859 0.259 0 0 0.824 0.965 0 0 
0 0 0 0 0 0 0 0 0 0 0 0 0 0 0 0 0 0 0 0.357 0.957 0.965 0.965 0.965 0.965 0.965 0 0 
0 0 0 0 0 0 0 0 0 0 0 0 0 0 0 0 0 0 0 0 0 0 0 0 0 0 0 0 
0 0 0 0 0 0 0 0 0 0 0 0 0 0 0 0 0 0 0 0 0 0 0 0 0 0 0 0 
0 0 0 0 0 0 0 0 0 0 0 0 0 0 0 0 0 0 0 0 0 0 0 0 0 0 0 0 
T
0 0 0 0 0 0 0 0 0 0 0 0 0.965 0.965 0 0 0 0 0 0 0 0 0 0 0 0 0 0 
0 0 0 0 0 0 0 0 0 0 0 0 0.965 0.965 0.11 0 0 0 0 0 0 0 0 0 0 0 0 0 
0 0 0 0 0 0 0 0 0 0 0 0.965 0.965 0.965 0.965 0 0 0 0 0 0 0 0 0 0 0 0 0 
0 0 0 0 0 0 0 0 0 0 0 0.965 0.965 0.965 0.965 0 0 0 0 0 0 0 0 0 0 0 0 0 
0 0 0 0 0 0 0 0 0 0 0.114 0.965 0.471 0 0.965 0.965 0 0 0 0 0 0 0 0 0 0 0 0 
0 0 0 0 0 0 0 0 0 0 0.965 0.965 0 0 0.965 0.965 0 0 0 0 0 0 0 0 0 0 0 0 
0 0 0 0 0 0 0 0 0 0 0.965 0.965 0 0 0.965 0.965 0.271 0 0 0 0 0 0 0 0 0 0 0 
0 0 0 0 0 0 0 0 0 0.953 0.965 0.827 0 0 0 0.965 0.965 0 0 0 0 0 0 0 0 0 0 0 
0 0 0 0 0 0 0 0 0 0.965 0.965 0 0 0 0 0.965 0.965 0 0 0 0 0 0 0 0 0 0 0 
0 0 0 0 0 0 0 0 0.965 0.965 0.965 0 0 0 0 0 0.965 0.427 0 0 0 0 0 0 0 0 0 0 
0 0 0 0 0 0 0 0 0.965 0.965 0 0 0 0 0 0 0.965 0.965 0 0 0 0 0 0 0 0 0 0 
0 0 0 0 0 0 0 0.965 0.965 0.875 0 0 0 0 0 0 0.118 0.965 0 0 0 0 0 0 0 0 0 0 
0 0 0 0 0 0 0 0.965 0.965 0 0 0 0 0 0 0 0 0.965 0.965 0 0 0 0 0 0 0 0 0 
0 0 0 0 0 0 0.965 0.961 0.965 0 0 0 0 0 0 0 0 0.137 0.965 0 0 0 0 0 0 0 0 0 
0 0 0 0 0 0 0.965 0.965 0 0 0 0 0 0 0 0 0 0 0.965 0.604 0 0 0 0 0 0 0 0 
0 0 0 0 0 0.788 0.965 0.965 0 0 0 0 0 0 0 0 0 0 0 0.965 0 0 0 0 0 0 0 0 
0 0 0 0 0 0.965 0.965 0 0 0 0 0 0 0 0 0 0 0 0 0.965 0.965 0 0 0 0 0 0 0 
0 0 0 0 0.89 0.965 0.894 0 0 0 0 0 0 0 0 0 0 0 0 0 0.965 0.965 0 0 0 0 0 0 
0 0 0 0 0.965 0.965 0 0 0 0 0 0 0 0 0 0 0 0 0 0 0.478 0.965 0.369 0 0 0 0 0 
0 0 0 0.965 0.965 0.0431 0 0 0 0 0 0 0 0 0 0 0 0 0 0 0 0.965 0.965 0 0 0 0 0 
0 0 0.965 0.965 0.965 0 0 0 0 0 0 0 0 0 0 0 0 0 0 0 0 0 0.965 0.965 0 0 0 0 
0 0 0.965 0.965 0 0 0 0 0 0 0 0 0 0 0 0 0 0 0 0 0 0 0 0.965 0.965 0 0 0 
0 0.965 0.965 0.965 0.965 0.965 0.965 0.965 0.965 0.965 0.965 0.965 0.475 0 0 0 0 0 0 0 0 0 0 0.404 0.965 0.965 0 0 
0 0.965 0.965 0.965 0.965 0.965 0.965 0.965 0.965 0.965 0.965 0.965 0.965 0.965 0.965 0.965 0.965 0.965 0.965 0.29 0 0 0 0 0.965 0.965 0.945 0 
0 0 0 0 0 0 0 0 0 0 0 0 0.184 0.816 0.965 0.965 0.965 0.965 0.965 0.965 0.965 0.965 0.965 0.925 0 0.965 0.965 0.792 
0 0 0 0 0 0 0 0 0 0 0 0 0 0 0 0 0 0 0 0 0 0 0.886 0.965 0.965 0.965 0.965 0.965 
0 0 0 0 0 0 0 0 0 0 0 0 0 0 0 0 0 0 0 0 0 0 0 0 0 0 0.937 0.78 
0 0 0 0 0 0 0 0 0 0 0 0 0 0 0 0 0 0 0 0 0 0 0 0 0 0 0 0 
C
0 0 0 0 0 0 0 0 0 0 0 0 0 0 0 0 0 0 0 0 0 0 0 0 0 0 0 0 
0 0 0 0 0 0 0 0 0 0 0 0 0 0 0 0 0 0 0 0 0 0 0 0 0 0 0 0 
0 0 0 0 0 0 0 0 0 0 0 0 0 0 0 0 0 0 0 0 0 0 0 0 0 0 0 0 
0 0 0 0 0 0 0 0 0 0 0 0 0 0 0 0 0 0 0 0 0 0 0 0 0 0 0 0 
0 0 0 0 0 0 0 0 0 0 0.965 0.965 0.965 0.965 0.965 0.965 0.161 0 0 0 0 0 0 0 0 0 0 0 
0 0 0 0 0 0 0 0 0.29 0.965 0.608 0 0 0 0 0.165 0.965 0.965 0.31 0 0 0 0 0 0 0 0 0 
0 0 0 0 0 0 0 0.0196 0.965 0.965 0.965 0 0 0 0 0 0 0 0.965 0.965 0 0 0 0 0 0 0 0 
0 0 0 0 0 0 0 0.965 0.965 0 0 0 0 0 0 0 0 0 0 0.965 0.965 0 0 0 0 0 0 0 
0 0 0 0 0 0 0.349 0.965 0 0 0 0 0 0 0 0 0 0 0 0 0.965 0.965 0 0 0 0 0 0 
0 0 0 0 0 0 0.965 0 0 0 0 0 0 0 0 0 0 0 0 0 0 0.965 0 0 0 0 0 0 
0 0 0 0 0 0 0.965 0 0 0 0 0 0 0 0 0 0 0 0 0 0 0.965 0.937 0 0 0 0 0 
0 0 0 0 0 0.714 0.961 0 0 0 0 0 0 0 0 0 0 0 0 0 0 0 0.965 0 0 0 0 0 
0 0 0 0 0 0.965 0.761 0 0 0 0 0 0 0 0 0 0 0 0 0 0 0 0.965 0 0 0 0 0 
0 0 0 0 0 0.965 0.42 0 0 0 0 0 0 0 0 0 0 0 0 0 0 0 0.965 0 0 0 0 0 
0 0 0 0 0 0.965 0.341 0 0 0 0 0 0 0 0 0 0 0 0 0 0 0 0.965 0 0 0 0 0 
0 0 0 0 0 0.945 0.961 0 0 0 0 0 0 0 0 0 0 0 0 0 0 0.561 0.965 0 0 0 0 0 
0 0 0 0 0 0 0.965 0 0 0 0 0 0 0 0 0 0 0 0 0 0 0.965 0 0 0 0 0 0 
0 0 0 0 0 0 0.965 0 0 0 0 0 0 0 0 0 0 0 0 0 0 0.965 0 0 0 0 0 0 
0 0 0 0 0 0 0.965 0.965 0 0 0 0 0 0 0 0 0 0 0 0 0.949 0.965 0 0 0 0 0 0 
0 0 0 0 0 0 0 0.965 0 0 0 0 0 0 0 0 0 0 0 0 0.965 0 0 0 0 0 0 0 
0 0 0 0 0 0 0 0.557 0.965 0 0 0 0 0 0 0 0 0 0 0.965 0.898 0 0 0 0 0 0 0 
0 0 0 0 0 0 0 0 0.965 0.965 0 0 0 0 0 0 0 0 0.965 0.965 0 0 0 0 0 0 0 0 
0 0 0 0 0 0 0 0 0 0.965 0.965 0.965 0.525 0 0 0.957 0.965 0.965 0 0 0 0 0 0 0 0 0 0 
0 0 0 0 0 0 0 0 0 0 0 0.239 0.965 0.965 0.965 0.965 0 0 0 0 0 0 0 0 0 0 0 0 
0 0 0 0 0 0 0 0 0 0 0 0 0 0 0 0 0 0 0 0 0 0 0 0 0 0 0 0 
0 0 0 0 0 0 0 0 0 0 0 0 0 0 0 0 0 0 0 0 0 0 0 0 0 0 0 0 
0 0 0 0 0 0 0 0 0 0 0 0 0 0 0 0 0 0 0 0 0 0 0 0 0 0 0 0 
0 0 0 0 0 0 0 0 0 0 0 0 0 0 0 0 0 0 0 0 0 0 0 0 0 0 0 0 
