Examples 1
T
0 0 0 0 0 0 0 0 0 0 0 0 0 0 0 0 0 0 0 0 0 0 0 0 0 0 0 0 
0 0 0 0 0 0 0 0 0 0 0 0 0 0 0 0 0 0 0 0 0 0 0 0 0 0 0 0 
0 0 0 0 0 0 0 0 0.965 0 0 0 0 0 0 0 0 0 0 0 0 0 0 0 0 0 0 0 
0 0 0 0 0 0 0 0.227 0.965 0.965 0 0 0 0 0 0 0 0 0 0 0 0 0 0 0 0 0 0 
0 0 0 0 0 0 0 0.965 0 0.58 0.965 0 0 0 0 0 0 0 0 0 0 0 0 0 0 0 0 0 
0 0 0 0 0 0 0 0.965 0 0 0.729 0.965 0 0 0 0 0 0 0 0 0 0 0 0 0 0 0 0 
0 0 0 0 0 0 0 0.965 0 0 0 0.702 0.965 0 0 0 0 0 0 0 0 0 0 0 0 0 0 0 
0 0 0 0 0 0 0 0.965 0 0 0 0 0.965 0.965 0 0 0 0 0 0 0 0 0 0 0 0 0 0 
0 0 0 0 0 0 0.965 0.965 0 0 0 0 0 0.965 0.102 0 0 0 0 0 0 0 0 0 0 0 0 0 
0 0 0 0 0 0 0.965 0 0 0 0 0 0 0 0.965 0 0 0 0 0 0 0 0 0 0 0 0 0 
0 0 0 0 0 0 0.965 0 0 0 0 0 0 0 0.263 0.965 0 0 0 0 0 0 0 0 0 0 0 0 
0 0 0 0 0 0.694 0.965 0 0 0 0 0 0 0 0 0.965 0.965 0 0 0 0 0 0 0 0 0 0 0 
0 0 0 0 0 0.965 0 0 0 0 0 0 0 0 0 0 0.965 0 0 0 0 0 0 0 0 0 0 0 
0 0 0 0 0 0.965 0 0 0 0 0 0 0 0 0 0 0.00784 0.965 0 0 0 0 0 0 0 0 0 0 
0 0 0 0 0.0196 0.965 0 0 0 0 0 0 0 0 0 0 0 0.965 0.725 0 0 0 0 0 0 0 0 0 
0 0 0 0 0.965 0.098 0 0 0 0 0 0 0 0 0 0 0 0 0.965 0 0 0 0 0 0 0 0 0 
0 0 0 0 0.965 0 0 0 0 0 0 0 0 0 0 0 0 0 0.0549 0.965 0 0 0 0 0 0 0 0 
0 0 0 0.0588 0.965 0 0 0 0 0 0 0 0 0 0 0 0 0 0 0.667 0.965 0 0 0 0 0 0 0 
0 0 0 0.965 0.0784 0 0 0 0 0 0 0 0 0 0 0 0 0 0 0 0.965 0.965 0 0 0 0 0 0 
0 0 0 0.965 0 0 0 0 0 0 0 0 0 0 0 0 0 0 0 0 0 0.965 0.965 0 0 0 0 0 
0 0 0.435 0.965 0 0 0 0 0 0 0 0 0 0 0 0 0 0 0 0 0 0 0.965 0.965 0 0 0 0 
0 0 0.965 0 0 0 0 0 0 0 0 0 0 0 0 0 0 0 0 0 0 0 0 0.965 0.965 0 0 0 
0 0.165 0.965 0.965 0.965 0.906 0.765 0.765 0.761 0.765 0.757 0.769 0.769 0.757 0.765 0.757 0.773 0.773 0.757 0.761 0.741 0.729 0.655 0.424 0.502 0.965 0 0 
0 0 0 0 0.69 0.961 0.961 0.961 0.961 0.965 0.961 0.965 0.961 0.961 0.965 0.961 0.965 0.965 0.961 0.965 0.961 0.965 0.965 0.965 0.965 0.965 0.0471 0 
0 0 0 0 0 0 0 0 0 0 0 0 0 0 0 0 0 0 0 0 0 0 0 0 0 0 0 0 
0 0 0 0 0 0 0 0 0 0 0 0 0 0 0 0 0 0 0 0 0 0 0 0 0 0 0 0 
0 0 0 0 0 0 0 0 0 0 0 0 0 0 0 0 0 0 0 0 0 0 0 0 0 0 0 0 
0 0 0 0 0 0 0 0 0 0 0 0 0 0 0 0 0 0 0 0 0 0 0 0 0 0 0 0